6527317.31
1 5030
2 3613
3 7763
4 5960
5 9241
6 7515
7 7232
8 5204
9 6985
10 7871
11 174
12 3702
13 8008
14 6797
15 7867
16 4588
17 8934
18 5426
19 2428
20 9506
21 5983
22 1574
23 5616
24 9264
25 3764
26 7531
27 9667
28 6047
29 1244
30 3891
31 861
32 6465
33 4644
34 3083
35 3844
36 4367
37 4694
38 828
39 6381
40 1612
41 2807
42 4846
43 7380
44 3067
45 9171
46 3518
47 7759
48 3092
49 897
50 6539
51 6772
52 4571
53 4732
54 9017
55 1200
56 1711
57 3682
58 2531
59 7124
60 3085
61 7753
62 8898
63 885
64 8989
65 3875
66 7379
67 1227
68 541
69 1323
70 3786
71 348
72 1222
73 1852
74 3597
75 6941
76 2306
77 9307
78 1132
79 4892
80 4375
81 1150
82 310
83 7881
84 2685
85 8800
86 6251
87 3183
88 9578
89 251
90 7563
91 7795
92 7597
93 6054
94 6970
95 3793
96 5626
97 6887
98 4998
99 4863
100 7897
101 3044
102 589
103 9736
104 3427
105 1051
106 9276
107 5958
108 4345
109 9597
110 3406
111 8976
112 4386
113 5731
114 7490
115 8601
116 5597
117 4549
118 3372
119 3256
120 3769
121 8657
122 3635
123 8914
124 6043
125 6180
126 1525
127 1902
128 5712
129 6724
130 7332
131 7572
132 3772
133 6075
134 7359
135 2574
136 9215
137 133
138 9359
139 9888
140 640
141 6750
142 3365
143 851
144 1698
145 5136
146 9121
147 9795
148 2465
149 1740
150 8627
151 4149
152 228
153 3400
154 2632
155 108
156 2824
157 76
158 4777
159 3506
160 6142
161 7729
162 1326
163 7439
164 4403
165 1512
166 2986
167 1611
168 6168
169 2299
170 1884
171 480
172 4789
173 5176
174 4515
175 2058
176 3467
177 6511
178 4447
179 3066
180 6684
181 5684
182 747
183 7844
184 8228
185 6209
186 2616
187 2012
188 9288
189 4135
190 5182
191 9250
192 624
193 2367
194 7629
195 4238
196 1428
197 7897
198 4096
199 3097
200 862
201 4262
202 2893
203 7936
204 9443
205 257
206 8325
207 2918
208 7542
209 8430
210 1351
211 8686
212 1002
213 135
214 5040
215 9658
216 3844
217 1508
218 274
219 5091
220 7141
221 4699
222 8858
223 5039
224 1042
225 1308
226 8384
227 7728
228 636
229 4325
230 8581
231 9421
232 6264
233 239
234 6347
235 9098
236 6355
237 4797
238 9792
239 1519
240 3966
241 5321
242 9696
243 6991
244 5980
245 3376
246 8244
247 2752
248 3310
249 6042
250 461
251 663
252 7493
253 7267
254 6258
255 7047
256 776
257 8687
258 7193
259 6952
260 7133
261 9625
262 543
263 4402
264 6770
265 8452
266 6853
267 7737
268 3999
269 6845
270 9054
271 9810
272 4354
273 4002
274 2969
275 3993
276 1545
277 6249
278 7934
279 5560
280 5596
281 8913
282 4666
283 1486
284 3407
285 226
286 6764
287 3680
288 5381
289 5084
290 6766
291 6030
292 9740
293 9491
294 1359
295 5650
296 6210
297 153
298 161
299 9619
300 2326
301 8313
302 5167
303 3952
304 9504
305 1520
306 3250
307 3376
308 8520
309 6496
310 5399
311 2589
312 3756
313 9235
314 9900
315 4566
316 3690
317 3199
318 1495
319 426
320 8525
321 6325
322 6865
323 6039
324 9914
325 3237
326 7940
327 8817
328 4683
329 5795
330 816
331 9043
332 2935
333 6302
334 2845
335 2078
336 1601
337 7447
338 7998
339 2169
340 8416
341 8574
342 1581
343 7346
344 2718
345 4453
346 1298
347 4163
348 9343
349 6001
350 9738
351 4857
352 6007
353 1114
354 2933
355 5817
356 445
357 3141
358 2029
359 7018
360 695
361 7315
362 8249
363 5264
364 8951
365 6491
366 4317
367 8806
368 68
369 8565
370 1529
371 2347
372 3393
373 5639
374 3420
375 4192
376 7109
377 9176
378 5284
379 6959
380 7228
381 5828
382 3923
383 500
384 6712
385 288
386 1361
387 4366
388 5331
389 5053
390 7919
391 5473
392 0
393 7673
394 7459
395 5782
396 1006
397 309
398 4772
399 8721
400 1982
401 7404
402 3535
403 5221
404 28
405 7531
406 1274
407 4939
408 8263
409 4474
410 9718
411 2832
412 9760
413 9893
414 8062
415 960
416 8767
417 9659
418 5172
419 3869
420 2131
421 2041
422 4387
423 901
424 8542
425 5292
426 1809
427 21
428 1167
429 1958
430 6695
431 5541
432 3931
433 2973
434 2354
435 1348
436 3077
437 1010
438 8376
439 5187
440 8098
441 4657
442 4031
443 8898
444 7303
445 3238
446 881
447 864
448 9649
449 6860
450 1786
451 3617
452 3831
453 587
454 3665
455 1235
456 7753
457 3994
458 2186
459 210
460 264
461 1510
462 3445
463 3863
464 1426
465 9516
466 4007
467 5240
468 3128
469 4685
470 6467
471 8230
472 5339
473 7667
474 7367
475 7610
476 1956
477 1240
478 3412
479 4152
480 516
481 3825
482 8582
483 5108
484 1015
485 7690
486 246
487 7510
488 6689
489 2129
490 5930
491 9924
492 8233
493 7604
494 7846
495 4410
496 8181
497 7378
498 7898
499 5066
500 4913
501 103
502 1968
503 8218
504 1596
505 7202
506 1056
507 5635
508 3375
509 6939
510 2571
511 9049
512 9779
513 1846
514 4215
515 4712
516 5863
517 8618
518 8452
519 1930
520 6983
521 3221
522 6353
523 2440
524 6975
525 2377
526 7331
527 696
528 4570
529 4917
530 400
531 2889
532 7185
533 7305
534 7072
535 9027
536 2894
537 857
538 7156
539 2833
540 3265
541 1693
542 900
543 6637
544 4506
545 4885
546 6948
547 9806
548 302
549 3625
550 2330
551 2335
552 3802
553 4570
554 5454
555 408
556 5451
557 3382
558 1590
559 5234
560 136
561 9402
562 3406
563 8415
564 9740
565 4547
566 7079
567 8684
568 6091
569 646
570 3758
571 7806
572 2338
573 8154
574 7935
575 5361
576 2165
577 9973
578 4376
579 229
580 3633
581 9670
582 2475
583 1049
584 1605
585 7974
586 4861
587 884
588 2492
589 4236
590 9585
591 1456
592 5995
593 2414
594 9910
595 1027
596 6287
597 2587
598 1451
599 8060
600 5152
601 5411
602 815
603 1682
604 3679
605 1176
606 4544
607 7215
608 1050
609 6476
610 4525
611 1069
612 7564
613 4544
614 6577
615 4816
616 9750
617 1783
618 5862
619 3002
620 9831
621 2538
622 4640
623 7742
624 6096
625 3051
626 2631
627 9763
628 7807
629 3133
630 6012
631 9954
632 797
633 8747
634 4750
635 1013
636 1569
637 3908
638 6670
639 8343
640 5471
641 3239
642 6044
643 1492
644 8732
645 5750
646 2206
647 8447
648 376
649 9048
650 4792
651 854
652 9918
653 1551
654 4562
655 8547
656 9613
657 5326
658 1614
659 1186
660 3712
661 9993
662 5142
663 7679
664 6496
665 2485
666 1363
667 3482
668 7287
669 6484
670 70
671 9991
672 3346
673 8817
674 6157
675 6512
676 4209
677 156
678 9745
679 9590
680 1841
681 5490
682 9854
683 9903
684 8151
685 8808
686 3868
687 9574
688 2024
689 3287
690 3122
691 5211
692 8347
693 6025
694 9436
695 5482
696 9515
697 1188
698 3251
699 7463
700 9367
701 9789
702 5263
703 6939
704 2975
705 2161
706 6003
707 5244
708 2435
709 6467
710 7644
711 1582
712 3128
713 8074
714 1535
715 9902
716 6124
717 1676
718 6458
719 3700
720 9964
721 7526
722 9089
723 1747
724 8353
725 6229
726 4765
727 5198
728 8879
729 7868
730 950
731 39
732 9134
733 6041
734 5954
735 9972
736 9123
737 9934
738 4573
739 2805
740 37
741 5238
742 4252
743 5496
744 1804
745 587
746 1845
747 6443
748 5466
749 5862
750 433
751 2000
752 3876
753 6002
754 9822
755 6655
756 3818
757 8004
758 1664
759 9036
760 4528
761 4636
762 3296
763 9132
764 1967
765 5621
766 1971
767 5131
768 849
769 5806
770 8615
771 7863
772 3740
773 1346
774 1296
775 2373
776 9026
777 2742
778 4210
779 3001
780 3659
781 1465
782 1983
783 6275
784 8526
785 322
786 442
787 6624
788 4763
789 6349
790 9070
791 4239
792 1917
793 8774
794 9948
795 2634
796 7699
797 436
798 7165
799 4808
800 1830
801 6237
802 3132
803 1572
804 119
805 1481
806 3821
807 8085
808 2229
809 7793
810 8251
811 9720
812 5098
813 8501
814 8172
815 8199
816 2446
817 7994
818 839
819 5896
820 5898
821 4565
822 6190
823 3404
824 3125
825 9601
826 7851
827 9561
828 3779
829 4483
830 3419
831 4592
832 8456
833 3618
834 5851
835 6637
836 6954
837 6358
838 2946
839 926
840 4603
841 5745
842 7182
843 3886
844 8752
845 1438
846 7751
847 7552
848 5830
849 7994
850 3240
851 2151
852 8918
853 4586
854 1695
855 2342
856 4347
857 7199
858 9481
859 1199
860 5867
861 2313
862 5093
863 260
864 3204
865 8056
866 4033
867 7559
868 310
869 3897
870 7355
871 2536
872 7189
873 2706
874 1647
875 96
876 8491
877 5793
878 5825
879 5938
880 7550
881 510
882 5267
883 1931
884 6029
885 2800
886 3054
887 5270
888 832
889 5242
890 4983
891 4512
892 8031
893 3263
894 8601
895 2140
896 6607
897 6105
898 5605
899 9731
900 7929
901 6158
902 2496
903 9619
904 5398
905 5502
906 9353
907 3582
908 9282
909 8976
910 3004
911 7090
912 7125
913 5825
914 4999
915 9895
916 3844
917 7907
918 8856
919 1020
920 6321
921 1577
922 3485
923 791
924 2717
925 5657
926 2583
927 6842
928 4394
929 6855
930 1092
931 6661
932 7229
933 3974
934 552
935 3359
936 5106
937 2072
938 153
939 4207
940 2755
941 1245
942 5486
943 4751
944 5078
945 5232
946 7958
947 2447
948 5936
949 1863
950 6685
951 7138
952 3290
953 7040
954 5068
955 2166
956 5266
957 5145
958 26
959 5943
960 2355
961 67
962 5842
963 5724
964 7996
965 8629
966 3180
967 6712
968 24
969 8528
970 6755
971 6312
972 547
973 4821
974 7460
975 8535
976 8576
977 7727
978 8528
979 6721
980 9704
981 6363
982 7813
983 6034
984 9245
985 824
986 892
987 3333
988 1864
989 8675
990 1182
991 4076
992 7445
993 2768
994 2378
995 410
996 3277
997 4505
998 6582
999 7540
1000 5438
1001 3455
1002 8270
1003 3719
1004 9545
1005 6232
1006 4050
1007 2516
1008 841
1009 7302
1010 8995
1011 2454
1012 8171
1013 7956
1014 948
1015 9715
1016 3780
1017 3193
1018 4113
1019 2413
1020 3466
1021 9588
1022 7380
1023 8741
1024 9347
1025 4502
1026 8227
1027 399
1028 7276
1029 5442
1030 8073
1031 1297
1032 8133
1033 178
1034 6490
1035 8411
1036 7446
1037 3104
1038 1253
1039 8478
1040 8636
1041 8936
1042 7953
1043 8240
1044 569
1045 7114
1046 2261
1047 6751
1048 864
1049 5205
1050 1252
1051 7385
1052 1562
1053 3295
1054 7209
1055 4858
1056 7031
1057 9319
1058 1091
1059 1743
1060 84
1061 2152
1062 4977
1063 5174
1064 3651
1065 3761
1066 1181
1067 6405
1068 6440
1069 2023
1070 7629
1071 6309
1072 694
1073 4294
1074 1263
1075 8074
1076 4091
1077 2959
1078 1105
1079 9075
1080 5723
1081 7915
1082 8426
1083 6097
1084 644
1085 5755
1086 523
1087 4620
1088 5849
1089 4022
1090 4964
1091 8132
1092 4156
1093 5540
1094 1038
1095 3807
1096 443
1097 4108
1098 9468
1099 185
1100 4138
1101 1009
1102 3413
1103 7608
1104 911
1105 9374
1106 4317
1107 315
1108 8888
1109 9200
1110 8946
1111 8170
1112 3218
1113 4110
1114 3392
1115 4816
1116 2067
1117 9833
1118 4136
1119 5599
1120 6531
1121 9190
1122 5810
1123 7849
1124 2646
1125 8328
1126 8315
1127 4538
1128 3073
1129 6654
1130 1262
1131 1519
1132 9501
1133 6204
1134 1325
1135 591
1136 3120
1137 2304
1138 9915
1139 350
1140 622
1141 2416
1142 9044
1143 9743
1144 2726
1145 3703
1146 8001
1147 7316
1148 9643
1149 3587
1150 2947
1151 4593
1152 1620
1153 4214
1154 941
1155 8269
1156 8025
1157 4936
1158 4421
1159 6559
1160 9805
1161 4174
1162 1019
1163 8926
1164 5409
1165 5769
1166 5457
1167 6861
1168 1369
1169 6566
1170 8819
1171 1635
1172 2433
1173 7046
1174 8781
1175 8223
1176 3507
1177 262
1178 1915
1179 9504
1180 1892
1181 5620
1182 1946
1183 2906
1184 3455
1185 1916
1186 3490
1187 8863
1188 1429
1189 9816
1190 9786
1191 1718
1192 9733
1193 3459
1194 3513
1195 830
1196 498
1197 5242
1198 1156
1199 1487
1200 1208
1201 6882
1202 9752
1203 6769
1204 9496
1205 6526
1206 5281
1207 8712
1208 6850
1209 4564
1210 4844
1211 786
1212 4874
1213 2753
1214 7056
1215 5820
1216 9764
1217 6489
1218 1832
1219 9451
1220 9837
1221 1022
1222 9905
1223 472
1224 4479
1225 6573
1226 7435
1227 2243
1228 8445
1229 1790
1230 9342
1231 3083
1232 6596
1233 8756
1234 5260
1235 3115
1236 2353
1237 38
1238 8663
1239 8096
1240 8166
1241 8190
1242 4104
1243 1355
1244 2654
1245 5126
1246 9688
1247 3175
1248 6726
1249 4796
1250 2126
1251 3062
1252 5161
1253 9213
1254 2919
1255 1599
1256 8641
1257 7318
1258 8076
1259 1284
1260 1133
1261 2570
1262 114
1263 9385
1264 4381
1265 1798
1266 2383
1267 1608
1268 2079
1269 5659
1270 4021
1271 8156
1272 413
1273 8769
1274 6819
1275 6242
1276 9339
1277 79
1278 5188
1279 6378
1280 8073
1281 3118
1282 2286
1283 6527
1284 3180
1285 6705
1286 9359
1287 2540
1288 9462
1289 6698
1290 9056
1291 3730
1292 6335
1293 8162
1294 6119
1295 7092
1296 344
1297 7617
1298 2137
1299 310
1300 9421
1301 2819
1302 678
1303 9027
1304 4084
1305 1089
1306 1713
1307 703
1308 1043
1309 6137
1310 8906
1311 8813
1312 9295
1313 1061
1314 5868
1315 5137
1316 723
1317 7571
1318 9887
1319 8056
1320 1362
1321 6672
1322 2738
1323 5582
1324 8618
1325 398
1326 4171
1327 9818
1328 6958
1329 8771
1330 1688
1331 8177
1332 7221
1333 1306
1334 8597
1335 1720
1336 3329
1337 4207
1338 4090
1339 4970
1340 1554
1341 8593
1342 6754
1343 4182
1344 405
1345 3626
1346 8261
1347 803
1348 6174
1349 5327
1350 3451
1351 558
1352 3376
1353 1378
1354 3988
1355 5745
1356 1433
1357 5172
1358 7033
1359 7343
1360 5153
1361 914
1362 7234
1363 9680
1364 384
1365 6250
1366 1095
1367 9699
1368 2609
1369 66
1370 7098
1371 3677
1372 9875
1373 6079
1374 6159
1375 5572
1376 2333
1377 10
1378 1679
1379 5703
1380 9705
1381 7500
1382 9177
1383 1683
1384 3496
1385 1080
1386 937
1387 9703
1388 9220
1389 1449
1390 7845
1391 8225
1392 7537
1393 4211
1394 9295
1395 3836
1396 1876
1397 6391
1398 983
1399 2105
1400 560
1401 7771
1402 4571
1403 6783
1404 987
1405 8502
1406 4629
1407 6517
1408 421
1409 9695
1410 8705
1411 431
1412 5981
1413 7315
1414 7570
1415 3284
1416 3945
1417 2015
1418 3717
1419 385
1420 8382
1421 1933
1422 827
1423 1004
1424 9963
1425 2444
1426 8406
1427 5568
1428 6390
1429 2892
1430 753
1431 1819
1432 3805
1433 9299
1434 1822
1435 1121
1436 8015
1437 3546
1438 5897
1439 2966
1440 7696
1441 8623
1442 9598
1443 3630
1444 9966
1445 4565
1446 1076
1447 5268
1448 5276
1449 6295
1450 2782
1451 2412
1452 8742
1453 7464
1454 7721
1455 6144
1456 4009
1457 3282
1458 4282
1459 7365
1460 736
1461 9087
1462 4025
1463 8643
1464 2528
1465 295
1466 7875
1467 3598
1468 3669
1469 805
1470 245
1471 8778
1472 4305
1473 9990
1474 4143
1475 1350
1476 2729
1477 3987
1478 7081
1479 6124
1480 863
1481 4915
1482 1542
1483 8940
1484 3667
1485 2927
1486 5467
1487 2542
1488 9323
1489 6743
1490 9184
1491 301
1492 5061
1493 9472
1494 902
1495 5496
1496 3357
1497 8424
1498 2995
1499 8701
1500 1550
1501 2011
1502 1818
1503 1911
1504 4209
1505 1264
1506 5472
1507 1066
1508 2658
1509 1333
1510 4773
1511 5376
1512 8707
1513 287
1514 8957
1515 7207
1516 2995
1517 3249
1518 6759
1519 7171
1520 6099
1521 8198
1522 1413
1523 9909
1524 5337
1525 3312
1526 9617
1527 7851
1528 5316
1529 8562
1530 8991
1531 7835
1532 5610
1533 7794
1534 7489
1535 2076
1536 6022
1537 7939
1538 614
1539 5470
1540 9924
1541 167
1542 2925
1543 6750
1544 3356
1545 7757
1546 3245
1547 3077
1548 7786
1549 9254
1550 7
1551 9266
1552 7443
1553 359
1554 8285
1555 2928
1556 7768
1557 8081
1558 3055
1559 1063
1560 9483
1561 8622
1562 5933
1563 3608
1564 5114
1565 304
1566 7319
1567 7957
1568 620
1569 1659
1570 1104
1571 1758
1572 965
1573 508
1574 2593
1575 986
1576 2148
1577 9159
1578 7388
1579 1762
1580 6696
1581 6421
1582 9048
1583 3846
1584 5786
1585 8651
1586 999
1587 5468
1588 7821
1589 3526
1590 6992
1591 1757
1592 2918
1593 9564
1594 2598
1595 7136
1596 1867
1597 5334
1598 8247
1599 90
1600 5394
1601 7048
1602 2411
1603 3591
1604 8929
1605 961
1606 3341
1607 1101
1608 89
1609 4436
1610 7330
1611 4407
1612 8644
1613 7111
1614 1709
1615 1894
1616 7539
1617 1044
1618 751
1619 2429
1620 2512
1621 5086
1622 8522
1623 6127
1624 1206
1625 8441
1626 6394
1627 7216
1628 2159
1629 4103
1630 3935
1631 6545
1632 2548
1633 8388
1634 7093
1635 7814
1636 9881
1637 608
1638 1556
1639 9784
1640 6279
1641 6866
1642 6853
1643 1988
1644 2308
1645 3822
1646 428
1647 5629
1648 980
1649 4918
1650 7030
1651 669
1652 8297
1653 2700
1654 5649
1655 1339
1656 9321
1657 8595
1658 6339
1659 4122
1660 927
1661 8455
1662 5561
1663 291
1664 7733
1665 3637
1666 2277
1667 7554
1668 1885
1669 5297
1670 7170
1671 7324
1672 3320
1673 4580
1674 369
1675 487
1676 3441
1677 2019
1678 9052
1679 6924
1680 5205
1681 2648
1682 6401
1683 9677
1684 521
1685 1600
1686 2956
1687 6706
1688 8326
1689 5398
1690 8241
1691 9933
1692 8466
1693 4828
1694 9925
1695 6905
1696 9855
1697 1272
1698 2504
1699 3301
1700 763
1701 1673
1702 3751
1703 5515
1704 6665
1705 409
1706 7555
1707 9545
1708 6242
1709 4315
1710 6761
1711 1285
1712 4615
1713 8786
1714 6790
1715 3757
1716 5054
1717 6583
1718 9057
1719 2276
1720 940
1721 3791
1722 8042
1723 8485
1724 9909
1725 5197
1726 5119
1727 704
1728 6602
1729 9425
1730 7980
1731 4718
1732 7581
1733 5010
1734 9148
1735 5701
1736 8961
1737 8576
1738 313
1739 1081
1740 6675
1741 6857
1742 7748
1743 1126
1744 1005
1745 2777
1746 2336
1747 8302
1748 7239
1749 3470
1750 1148
1751 8002
1752 3653
1753 4080
1754 707
1755 187
1756 7158
1757 9302
1758 8047
1759 7892
1760 3089
1761 3623
1762 9892
1763 4967
1764 8342
1765 207
1766 4623
1767 3293
1768 8768
1769 8335
1770 2847
1771 2936
1772 17
1773 1274
1774 7410
1775 1499
1776 5146
1777 2388
1778 1585
1779 6873
1780 6098
1781 3197
1782 9429
1783 6812
1784 6354
1785 2935
1786 6439
1787 3926
1788 5360
1789 1579
1790 8837
1791 7739
1792 5433
1793 7390
1794 3280
1795 5147
1796 1643
1797 9556
1798 1209
1799 5282
1800 7135
1801 83
1802 6541
1803 9294
1804 9136
1805 5097
1806 4982
1807 8291
1808 9395
1809 243
1810 1821
1811 1118
1812 1110
1813 1425
1814 2160
1815 8112
1816 7173
1817 1416
1818 117
1819 3264
1820 2960
1821 1407
1822 6434
1823 4855
1824 8540
1825 9102
1826 734
1827 3792
1828 2869
1829 687
1830 79
1831 2223
1832 6173
1833 9691
1834 8254
1835 6051
1836 3047
1837 6150
1838 4624
1839 8301
1840 7086
1841 6744
1842 7428
1843 7333
1844 1400
1845 3399
1846 5148
1847 4155
1848 5869
1849 4346
1850 4269
1851 9699
1852 9494
1853 4173
1854 1745
1855 9398
1856 9091
1857 4164
1858 9377
1859 839
1860 6921
1861 2900
1862 9199
1863 7326
1864 5989
1865 4518
1866 4089
1867 1392
1868 4575
1869 2741
1870 3243
1871 6301
1872 5397
1873 3574
1874 9929
1875 9284
1876 5815
1877 2556
1878 231
1879 1219
1880 5702
1881 3911
1882 6894
1883 5821
1884 9278
1885 9076
1886 9386
1887 6880
1888 8457
1889 7668
1890 1383
1891 7692
1892 1538
1893 5048
1894 8497
1895 748
1896 9641
1897 2113
1898 61
1899 6147
1900 7455
1901 2587
1902 2814
1903 1417
1904 4601
1905 3207
1906 190
1907 6520
1908 1029
1909 4
1910 8159
1911 113
1912 2187
1913 9723
1914 2554
1915 6632
1916 5487
1917 2200
1918 9133
1919 5619
1920 7660
1921 273
1922 8779
1923 7126
1924 8983
1925 1503
1926 8639
1927 9708
1928 4416
1929 6036
1930 3319
1931 9170
1932 674
1933 3909
1934 8343
1935 1415
1936 1813
1937 2077
1938 5562
1939 2106
1940 1386
1941 8134
1942 364
1943 2887
1944 1678
1945 1762
1946 6385
1947 2455
1948 2158
1949 3704
1950 4072
1951 6289
1952 5642
1953 8311
1954 3725
1955 2854
1956 4780
1957 8493
1958 3222
1959 8575
1960 8431
1961 7661
1962 6607
1963 7950
1964 8545
1965 5027
1966 7860
1967 2536
1968 7635
1969 435
1970 1129
1971 5554
1972 1270
1973 7266
1974 3384
1975 2691
1976 4430
1977 801
1978 4994
1979 4875
1980 4063
1981 5554
1982 735
1983 5687
1984 8492
1985 7587
1986 4877
1987 7080
1988 2867
1989 3252
1990 5447
1991 3896
1992 47
1993 7663
1994 7226
1995 2597
1996 5354
1997 3172
1998 7874
1999 2291
2000 3440
2001 5037
2002 8533
2003 1074
2004 9003
2005 2014
2006 9318
2007 3326
2008 7838
2009 9349
2010 6884
2011 172
2012 392
2013 437
2014 2691
2015 8603
2016 2234
2017 3724
2018 494
2019 7005
2020 1132
2021 1486
2022 290
2023 8002
2024 2754
2025 4871
2026 4564
2027 7985
2028 5028
2029 3960
2030 5839
2031 2173
2032 756
2033 8738
2034 1571
2035 8741
2036 8248
2037 1041
2038 8517
2039 8371
2040 3080
2041 6986
2042 3275
2043 2689
2044 9438
2045 9345
2046 8377
2047 6145
2048 9303
2049 5557
2050 1818
2051 685
2052 5780
2053 1564
2054 3136
2055 4546
2056 2699
2057 2195
2058 6083
2059 5352
2060 4157
2061 7223
2062 9390
2063 9837
2064 7732
2065 225
2066 1888
2067 2298
2068 7470
2069 7110
2070 3214
2071 6552
2072 7790
2073 8237
2074 1299
2075 8878
2076 9018
2077 8899
2078 739
2079 8358
2080 3697
2081 5341
2082 4188
2083 9260
2084 5823
2085 3388
2086 9608
2087 996
2088 5480
2089 3068
2090 8174
2091 8122
2092 8064
2093 7730
2094 3503
2095 7366
2096 7029
2097 5888
2098 5244
2099 4435
2100 4987
2101 594
2102 3168
2103 9311
2104 6111
2105 115
2106 7063
2107 2126
2108 2924
2109 7271
2110 6988
2111 4181
2112 7224
2113 6136
2114 2240
2115 6101
2116 9497
2117 325
2118 4768
2119 4240
2120 996
2121 5254
2122 4598
2123 6790
2124 2116
2125 1439
2126 1102
2127 3606
2128 4635
2129 1175
2130 2676
2131 9584
2132 6104
2133 3542
2134 8344
2135 8941
2136 9970
2137 2790
2138 2823
2139 8636
2140 7573
2141 3176
2142 3093
2143 1832
2144 2902
2145 5787
2146 9704
2147 1396
2148 1257
2149 3544
2150 4938
2151 4764
2152 8586
2153 490
2154 2397
2155 9631
2156 595
2157 1498
2158 6222
2159 8780
2160 833
2161 6204
2162 6328
2163 7594
2164 9550
2165 6172
2166 1656
2167 6554
2168 6423
2169 3422
2170 8638
2171 930
2172 2975
2173 2002
2174 417
2175 3434
2176 9583
2177 2954
2178 2837
2179 5522
2180 8361
2181 1390
2182 4563
2183 7906
2184 2028
2185 8316
2186 3494
2187 7486
2188 8823
2189 105
2190 2826
2191 4394
2192 3054
2193 7441
2194 9911
2195 4464
2196 8951
2197 4867
2198 5804
2199 3162
2200 6025
2201 6302
2202 2842
2203 2235
2204 2653
2205 8824
2206 8904
2207 103
2208 5555
2209 2680
2210 7034
2211 3677
2212 5961
2213 4963
2214 7514
2215 4669
2216 3759
2217 6541
2218 6107
2219 9732
2220 7297
2221 7207
2222 6584
2223 209
2224 2521
2225 3460
2226 1554
2227 2992
2228 5575
2229 5876
2230 4396
2231 9209
2232 6936
2233 1640
2234 1978
2235 79
2236 4171
2237 240
2238 6904
2239 5728
2240 6614
2241 5615
2242 2150
2243 9118
2244 2392
2245 4831
2246 2
2247 3954
2248 5300
2249 4706
2250 2736
2251 9059
2252 5280
2253 5272
2254 4814
2255 9710
2256 4895
2257 869
2258 5818
2259 9713
2260 9292
2261 5258
2262 7515
2263 9536
2264 7703
2265 467
2266 2958
2267 1068
2268 7245
2269 7723
2270 3428
2271 9079
2272 8782
2273 6376
2274 4835
2275 3917
2276 1165
2277 9642
2278 8610
2279 8052
2280 6863
2281 3808
2282 202
2283 9876
2284 8128
2285 4450
2286 3110
2287 6414
2288 2955
2289 7473
2290 1088
2291 1583
2292 8869
2293 286
2294 3023
2295 7672
2296 1900
2297 4117
2298 333
2299 336
2300 5377
2301 2013
2302 7037
2303 8110
2304 3697
2305 6293
2306 6286
2307 3306
2308 725
2309 51
2310 4321
2311 1493
2312 2917
2313 3570
2314 1312
2315 6148
2316 4444
2317 5420
2318 8045
2319 1574
2320 6911
2321 1409
2322 61
2323 369
2324 1857
2325 2698
2326 6261
2327 8635
2328 6104
2329 1435
2330 1606
2331 5828
2332 5188
2333 9508
2334 1637
2335 8044
2336 6540
2337 9216
2338 8873
2339 6787
2340 9650
2341 6259
2342 398
2343 6947
2344 1085
2345 5790
2346 8835
2347 1630
2348 3182
2349 1816
2350 6940
2351 5904
2352 7347
2353 8522
2354 5867
2355 7647
2356 4567
2357 8364
2358 7674
2359 6226
2360 2226
2361 9653
2362 9305
2363 9852
2364 6488
2365 3753
2366 2341
2367 2423
2368 9128
2369 2596
2370 6656
2371 4019
2372 1174
2373 5887
2374 7820
2375 2316
2376 8183
2377 6460
2378 6533
2379 3870
2380 5336
2381 3011
2382 4539
2383 1829
2384 3081
2385 7016
2386 3683
2387 7904
2388 7504
2389 4806
2390 272
2391 1802
2392 6962
2393 1424
2394 8186
2395 5416
2396 3038
2397 1872
2398 7826
2399 1684
2400 7654
2401 1929
2402 8380
2403 8414
2404 5583
2405 7575
2406 8214
2407 9671
2408 8354
2409 8372
2410 530
2411 3103
2412 7762
2413 3338
2414 6793
2415 6805
2416 1739
2417 2145
2418 365
2419 9379
2420 8201
2421 6701
2422 1907
2423 1616
2424 8965
2425 3204
2426 1311
2427 6493
2428 6614
2429 6561
2430 7889
2431 2510
2432 2105
2433 4519
2434 4880
2435 8736
2436 7078
2437 1957
2438 8130
2439 4221
2440 9885
2441 997
2442 9394
2443 5973
2444 8509
2445 5677
2446 5901
2447 6462
2448 7810
2449 275
2450 2402
2451 8439
2452 9357
2453 6402
2454 7357
2455 7306
2456 9710
2457 5729
2458 3784
2459 7279
2460 3148
2461 9637
2462 5309
2463 5905
2464 3248
2465 6130
2466 9167
2467 9724
2468 38
2469 571
2470 9346
2471 6535
2472 1942
2473 8121
2474 6186
2475 6454
2476 6462
2477 2577
2478 7705
2479 5052
2480 8996
2481 5910
2482 2818
2483 7911
2484 3927
2485 1296
2486 4454
2487 9055
2488 7426
2489 4392
2490 4643
2491 7477
2492 5625
2493 1241
2494 6150
2495 7589
2496 9937
2497 1658
2498 1148
2499 3151
2500 4720
2501 9859
2502 985
2503 9429
2504 2626
2505 2673
2506 7227
2507 5800
2508 7405
2509 4444
2510 6236
2511 1407
2512 1410
2513 5905
2514 2345
2515 7872
2516 4334
2517 7552
2518 5502
2519 1909
2520 1153
2521 7509
2522 3468
2523 6515
2524 2762
2525 9889
2526 7307
2527 6836
2528 529
2529 5921
2530 5390
2531 7576
2532 4614
2533 6629
2534 9322
2535 8908
2536 8395
2537 2074
2538 6963
2539 7572
2540 6808
2541 1677
2542 395
2543 2486
2544 6069
2545 6650
2546 5187
2547 2834
2548 2340
2549 8893
2550 5014
2551 4722
2552 5106
2553 8477
2554 148
2555 5339
2556 2628
2557 6126
2558 672
2559 1157
2560 4276
2561 3150
2562 4268
2563 4222
2564 8102
2565 4199
2566 3791
2567 5283
2568 6542
2569 7244
2570 6351
2571 9956
2572 3284
2573 6053
2574 1552
2575 242
2576 945
2577 9317
2578 3905
2579 7347
2580 9399
2581 758
2582 4822
2583 5570
2584 7313
2585 2575
2586 9463
2587 2242
2588 4277
2589 9969
2590 2791
2591 3966
2592 992
2593 3660
2594 3962
2595 4889
2596 4177
2597 9422
2598 1152
2599 9150
2600 2643
2601 6087
2602 1366
2603 1650
2604 8476
2605 488
2606 6586
2607 3731
2608 2569
2609 4995
2610 3454
2611 6153
2612 4930
2613 7562
2614 5291
2615 6458
2616 766
2617 1686
2618 6706
2619 8892
2620 6311
2621 2656
2622 4743
2623 9678
2624 1698
2625 5660
2626 2075
2627 1948
2628 5732
2629 4186
2630 9255
2631 3042
2632 5372
2633 4738
2634 1536
2635 8728
2636 8123
2637 5683
2638 1129
2639 4323
2640 6891
2641 5386
2642 1621
2643 5868
2644 3876
2645 8018
2646 98
2647 3859
2648 697
2649 1939
2650 5346
2651 2283
2652 7608
2653 9354
2654 6493
2655 2251
2656 2196
2657 4232
2658 5640
2659 8204
2660 6827
2661 6373
2662 4619
2663 5096
2664 5243
2665 944
2666 7032
2667 1801
2668 1419
2669 6257
2670 2646
2671 9733
2672 3916
2673 1756
2674 6154
2675 4829
2676 1618
2677 6649
2678 7122
2679 4547
2680 8380
2681 3173
2682 5142
2683 2226
2684 170
2685 396
2686 7115
2687 1028
2688 9552
2689 4982
2690 2797
2691 7014
2692 7830
2693 5146
2694 1748
2695 2931
2696 4748
2697 7332
2698 6740
2699 5604
2700 702
2701 2051
2702 473
2703 4907
2704 7484
2705 7792
2706 8841
2707 3596
2708 1556
2709 8046
2710 4817
2711 5347
2712 1592
2713 8783
2714 8630
2715 8870
2716 5037
2717 4066
2718 4269
2719 5834
2720 6599
2721 9664
2722 7785
2723 7425
2724 4738
2725 1753
2726 3592
2727 4860
2728 4885
2729 6214
2730 6383
2731 4001
2732 4137
2733 2178
2734 855
2735 4679
2736 5623
2737 1473
2738 2384
2739 5128
2740 4839
2741 4077
2742 4763
2743 234
2744 5702
2745 2053
2746 2025
2747 3293
2748 104
2749 9393
2750 4189
2751 7246
2752 9535
2753 3165
2754 5055
2755 3621
2756 6244
2757 726
2758 9094
2759 3465
2760 3495
2761 3867
2762 674
2763 4503
2764 370
2765 7551
2766 8812
2767 303
2768 5504
2769 1194
2770 6563
2771 5501
2772 9390
2773 9021
2774 6236
2775 5427
2776 9857
2777 9008
2778 3586
2779 6247
2780 5379
2781 5100
2782 9109
2783 7772
2784 6086
2785 2260
2786 8846
2787 1469
2788 7573
2789 5537
2790 854
2791 5637
2792 1415
2793 9049
2794 8923
2795 5088
2796 4734
2797 6634
2798 4408
2799 8665
2800 1147
2801 4613
2802 5945
2803 9936
2804 3068
2805 7279
2806 234
2807 5488
2808 4474
2809 8281
2810 6479
2811 2724
2812 8905
2813 9289
2814 8208
2815 9905
2816 5969
2817 3901
2818 9899
2819 7802
2820 8511
2821 439
2822 3050
2823 6806
2824 4197
2825 4550
2826 5970
2827 4150
2828 3541
2829 4056
2830 5533
2831 4133
2832 2267
2833 1457
2834 522
2835 8128
2836 8333
2837 3748
2838 8850
2839 7489
2840 1259
2841 9798
2842 2725
2843 8947
2844 2363
2845 8472
2846 604
2847 4526
2848 1619
2849 7163
2850 7452
2851 1748
2852 4371
2853 8278
2854 8244
2855 9790
2856 2364
2857 6938
2858 3019
2859 3737
2860 737
2861 1036
2862 2265
2863 537
2864 5425
2865 4573
2866 9580
2867 7816
2868 1591
2869 1284
2870 1179
2871 2469
2872 2274
2873 8900
2874 3908
2875 219
2876 8821
2877 3222
2878 5928
2879 9640
2880 4590
2881 1009
2882 5711
2883 8637
2884 2932
2885 6341
2886 4747
2887 9517
2888 8475
2889 7478
2890 2097
2891 9226
2892 9228
2893 8747
2894 9591
2895 799
2896 4371
2897 7178
2898 9819
2899 2857
2900 9632
2901 3014
2902 3481
2903 7840
2904 1191
2905 6525
2906 7074
2907 3957
2908 6201
2909 7715
2910 4062
2911 2417
2912 847
2913 2754
2914 8100
2915 8251
2916 1761
2917 7930
2918 7945
2919 1494
2920 6279
2921 7473
2922 3
2923 1910
2924 7009
2925 8761
2926 3062
2927 9602
2928 688
2929 7300
2930 9674
2931 3164
2932 1162
2933 4785
2934 4102
2935 9456
2936 5026
2937 7075
2938 9769
2939 908
2940 3742
2941 238
2942 9702
2943 6495
2944 1130
2945 9695
2946 9821
2947 8336
2948 1089
2949 9149
2950 9041
2951 42
2952 9950
2953 9325
2954 873
2955 4170
2956 6756
2957 7688
2958 1035
2959 5213
2960 4406
2961 6402
2962 8772
2963 4561
2964 6167
2965 2781
2966 1125
2967 9571
2968 9332
2969 4202
2970 8385
2971 7229
2972 9692
2973 4111
2974 9372
2975 3540
2976 8767
2977 6438
2978 570
2979 9275
2980 7808
2981 8853
2982 4253
2983 9871
2984 9820
2985 1734
2986 3262
2987 2272
2988 6461
2989 3010
2990 6146
2991 335
2992 9579
2993 2394
2994 2827
2995 5761
2996 3658
2997 3294
2998 4048
2999 6945
3000 4208
3001 3617
3002 4521
3003 6875
3004 8588
3005 6582
3006 8677
3007 933
3008 2127
3009 5697
3010 7918
3011 1523
3012 245
3013 5024
3014 4724
3015 4971
3016 9623
3017 8078
3018 6754
3019 157
3020 9155
3021 3448
3022 237
3023 9384
3024 5281
3025 4114
3026 2849
3027 4819
3028 2987
3029 6278
3030 5479
3031 894
3032 6295
3033 7212
3034 5681
3035 6399
3036 9145
3037 7961
3038 1500
3039 6896
3040 5837
3041 7717
3042 7450
3043 5
3044 2860
3045 3052
3046 9529
3047 3210
3048 342
3049 2398
3050 693
3051 599
3052 438
3053 798
3054 9868
3055 2721
3056 947
3057 6763
3058 8959
3059 8551
3060 8080
3061 9027
3062 228
3063 178
3064 5763
3065 3351
3066 2238
3067 266
3068 875
3069 9562
3070 9920
3071 3996
3072 5521
3073 8504
3074 4617
3075 8631
3076 227
3077 6692
3078 7179
3079 3320
3080 6781
3081 5746
3082 7788
3083 8745
3084 3014
3085 7762
3086 6801
3087 3254
3088 9679
3089 5923
3090 3444
3091 8208
3092 4782
3093 9297
3094 203
3095 8743
3096 6978
3097 3126
3098 6213
3099 1959
3100 7202
3101 7858
3102 4166
3103 6899
3104 2075
3105 9922
3106 9812
3107 1078
3108 1259
3109 9863
3110 7092
3111 4972
3112 9208
3113 8175
3114 9841
3115 9187
3116 6004
3117 3098
3118 7670
3119 2710
3120 7169
3121 7797
3122 9104
3123 163
3124 7211
3125 2725
3126 389
3127 6704
3128 5457
3129 2281
3130 1400
3131 9806
3132 8413
3133 4364
3134 9621
3135 7874
3136 2821
3137 388
3138 4446
3139 7379
3140 997
3141 5091
3142 3850
3143 9815
3144 8374
3145 1817
3146 6073
3147 4478
3148 5687
3149 4170
3150 8579
3151 7649
3152 2640
3153 1949
3154 8094
3155 1238
3156 1901
3157 2606
3158 2154
3159 6015
3160 2964
3161 126
3162 3467
3163 5753
3164 261
3165 6131
3166 2172
3167 8039
3168 4554
3169 9373
3170 7406
3171 9111
3172 4614
3173 2110
3174 624
3175 7348
3176 3864
3177 8872
3178 4605
3179 8101
3180 8165
3181 3355
3182 1847
3183 9925
3184 1793
3185 643
3186 8396
3187 1235
3188 7770
3189 9747
3190 2289
3191 4380
3192 7525
3193 8165
3194 2793
3195 6987
3196 2660
3197 4673
3198 8008
3199 1731
3200 1404
3201 423
3202 8567
3203 3749
3204 9633
3205 8126
3206 4231
3207 5472
3208 7598
3209 4561
3210 6608
3211 9192
3212 9904
3213 2663
3214 1368
3215 5392
3216 5094
3217 1984
3218 9879
3219 7025
3220 3675
3221 5271
3222 8055
3223 3037
3224 637
3225 2401
3226 3500
3227 5688
3228 6823
3229 2481
3230 7361
3231 8029
3232 6949
3233 7887
3234 951
3235 3463
3236 6791
3237 5359
3238 2120
3239 4594
3240 4162
3241 8527
3242 8432
3243 7708
3244 6011
3245 4145
3246 5756
3247 2775
3248 5307
3249 3711
3250 2498
3251 7831
3252 1586
3253 9523
3254 6185
3255 4123
3256 1670
3257 1448
3258 3960
3259 780
3260 9596
3261 5330
3262 5222
3263 5445
3264 6085
3265 7618
3266 9845
3267 560
3268 1104
3269 9124
3270 8506
3271 3435
3272 159
3273 8265
3274 6697
3275 7714
3276 1201
3277 6643
3278 4850
3279 449
3280 2724
3281 2727
3282 7190
3283 9981
3284 8648
3285 5461
3286 8474
3287 2526
3288 297
3289 7686
3290 7482
3291 564
3292 180
3293 4116
3294 5855
3295 3089
3296 8611
3297 8330
3298 8465
3299 6160
3300 9808
3301 5736
3302 3132
3303 1862
3304 4572
3305 8229
3306 9239
3307 7289
3308 550
3309 1070
3310 6727
3311 9767
3312 9891
3313 9377
3314 7211
3315 662
3316 8791
3317 1283
3318 3274
3319 3548
3320 2579
3321 3992
3322 8980
3323 4399
3324 7553
3325 4127
3326 4190
3327 825
3328 808
3329 64
3330 8750
3331 1248
3332 6616
3333 6435
3334 6678
3335 1914
3336 8271
3337 8370
3338 586
3339 8714
3340 8995
3341 6840
3342 2113
3343 1371
3344 9162
3345 2460
3346 788
3347 3048
3348 7652
3349 3325
3350 1849
3351 9607
3352 8496
3353 5364
3354 2827
3355 6123
3356 2682
3357 5199
3358 5631
3359 3087
3360 1724
3361 5115
3362 7219
3363 1520
3364 8857
3365 8006
3366 7633
3367 8207
3368 285
3369 4263
3370 533
3371 2269
3372 4632
3373 3580
3374 8950
3375 6072
3376 4330
3377 6428
3378 5988
3379 4634
3380 21
3381 2301
3382 550
3383 1908
3384 1561
3385 3288
3386 3739
3387 3152
3388 256
3389 5798
3390 7331
3391 9904
3392 7036
3393 6260
3394 5705
3395 9512
3396 4511
3397 3003
3398 284
3399 1374
3400 6126
3401 2560
3402 988
3403 2988
3404 7341
3405 1856
3406 5929
3407 4985
3408 9968
3409 1753
3410 7260
3411 888
3412 7617
3413 7215
3414 5872
3415 3840
3416 5192
3417 583
3418 2767
3419 6716
3420 4541
3421 8549
3422 1882
3423 5401
3424 3179
3425 2985
3426 8398
3427 5377
3428 7295
3429 6359
3430 9636
3431 4959
3432 8554
3433 799
3434 2298
3435 9674
3436 5050
3437 3374
3438 8678
3439 3732
3440 4923
3441 8117
3442 6003
3443 2809
3444 5017
3445 6666
3446 3956
3447 5028
3448 9584
3449 7050
3450 2209
3451 936
3452 9471
3453 525
3454 4782
3455 8448
3456 835
3457 8225
3458 1373
3459 5668
3460 1991
3461 430
3462 5560
3463 8884
3464 6627
3465 2243
3466 689
3467 8896
3468 8442
3469 4689
3470 2368
3471 5406
3472 1157
3473 5257
3474 6712
3475 4426
3476 7363
3477 807
3478 7865
3479 2036
3480 9687
3481 6560
3482 6628
3483 4112
3484 1084
3485 9552
3486 3049
3487 6410
3488 8301
3489 7026
3490 5373
3491 8
3492 3862
3493 3269
3494 5638
3495 1034
3496 5169
3497 5493
3498 2553
3499 5692
3500 2452
3501 4954
3502 3482
3503 9974
3504 7772
3505 4433
3506 6545
3507 5132
3508 4602
3509 9823
3510 6248
3511 4501
3512 8265
3513 8242
3514 3813
3515 1580
3516 3770
3517 3771
3518 2997
3519 9970
3520 3976
3521 8216
3522 9596
3523 6344
3524 2403
3525 2246
3526 4864
3527 8917
3528 9668
3529 6081
3530 7466
3531 9911
3532 3530
3533 906
3534 6784
3535 5911
3536 1408
3537 6068
3538 4965
3539 1964
3540 6194
3541 7064
3542 6296
3543 2625
3544 1117
3545 9712
3546 516
3547 3353
3548 3906
3549 1258
3550 8726
3551 974
3552 1811
3553 8990
3554 4052
3555 1088
3556 8585
3557 152
3558 4929
3559 402
3560 6964
3561 4182
3562 9795
3563 1813
3564 9237
3565 2068
3566 539
3567 2148
3568 4803
3569 5941
3570 5708
3571 2994
3572 7437
3573 3727
3574 5623
3575 7669
3576 3569
3577 908
3578 7902
3579 2063
3580 63
3581 9352
3582 2174
3583 6846
3584 6010
3585 232
3586 1217
3587 181
3588 9846
3589 981
3590 7061
3591 8488
3592 7555
3593 6966
3594 5143
3595 4326
3596 1169
3597 5317
3598 45
3599 92
3600 3491
3601 8631
3602 6135
3603 6909
3604 444
3605 4281
3606 8391
3607 4095
3608 1495
3609 9665
3610 1843
3611 9000
3612 3371
3613 1124
3614 4469
3615 1246
3616 6144
3617 7925
3618 8200
3619 1681
3620 4788
3621 428
3622 950
3623 380
3624 4535
3625 5191
3626 6158
3627 7886
3628 3766
3629 4650
3630 7806
3631 6155
3632 8921
3633 2592
3634 154
3635 7535
3636 4770
3637 5126
3638 1634
3639 3562
3640 6840
3641 305
3642 2147
3643 4144
3644 5655
3645 7395
3646 3408
3647 471
3648 4421
3649 9353
3650 4457
3651 1109
3652 1861
3653 6082
3654 6518
3655 1950
3656 7394
3657 9955
3658 3638
3659 2332
3660 1463
3661 6368
3662 582
3663 6567
3664 5485
3665 8981
3666 677
3667 9178
3668 4078
3669 7761
3670 3916
3671 7909
3672 1091
3673 653
3674 6006
3675 2527
3676 1297
3677 4714
3678 3696
3679 9634
3680 5006
3681 2357
3682 8574
3683 6471
3684 5807
3685 451
3686 500
3687 3669
3688 6896
3689 3796
3690 4388
3691 349
3692 2141
3693 4305
3694 2128
3695 4226
3696 1934
3697 2194
3698 7311
3699 5577
3700 8671
3701 9985
3702 471
3703 4858
3704 8290
3705 6837
3706 1416
3707 7343
3708 164
3709 7440
3710 6140
3711 94
3712 2344
3713 3593
3714 4694
3715 3029
3716 8677
3717 592
3718 7913
3719 1918
3720 1785
3721 2093
3722 2444
3723 7374
3724 1884
3725 3874
3726 2702
3727 8752
3728 6878
3729 4915
3730 3070
3731 7908
3732 4638
3733 4341
3734 8422
3735 1609
3736 1705
3737 6824
3738 1332
3739 9475
3740 8678
3741 7156
3742 2602
3743 9811
3744 6272
3745 7174
3746 8146
3747 4296
3748 186
3749 283
3750 3118
3751 6102
3752 5270
3753 3907
3754 5374
3755 2744
3756 4510
3757 1785
3758 2387
3759 2863
3760 5871
3761 1755
3762 8755
3763 458
3764 5936
3765 2584
3766 1749
3767 2489
3768 3593
3769 513
3770 3191
3771 5410
3772 1839
3773 1271
3774 9161
3775 8709
3776 2138
3777 5015
3778 2731
3779 7360
3780 6702
3781 362
3782 9968
3783 7832
3784 3647
3785 2250
3786 7941
3787 7080
3788 5286
3789 9489
3790 700
3791 8904
3792 3585
3793 4568
3794 4731
3795 1443
3796 2550
3797 4859
3798 1144
3799 7575
3800 3059
3801 8246
3802 1751
3803 8504
3804 1005
3805 9308
3806 7904
3807 7035
3808 8097
3809 4133
3810 3722
3811 2275
3812 2386
3813 902
3814 6564
3815 8116
3816 3027
3817 3067
3818 625
3819 3919
3820 5253
3821 5431
3822 9842
3823 4914
3824 9810
3825 7718
3826 8864
3827 1204
3828 6786
3829 8388
3830 6294
3831 7002
3832 2529
3833 8284
3834 7217
3835 1163
3836 8513
3837 1070
3838 1965
3839 2141
3840 7769
3841 5149
3842 3708
3843 8702
3844 9850
3845 886
3846 8157
3847 2429
3848 8035
3849 4503
3850 366
3851 3879
3852 6766
3853 3387
3854 6527
3855 8510
3856 376
3857 3859
3858 1302
3859 6986
3860 9896
3861 5173
3862 5089
3863 864
3864 3603
3865 5391
3866 9589
3867 4307
3868 9056
3869 6876
3870 823
3871 3430
3872 9709
3873 1384
3874 1766
3875 3278
3876 2189
3877 6726
3878 9108
3879 1614
3880 3747
3881 8584
3882 6026
3883 3153
3884 452
3885 2118
3886 5016
3887 2926
3888 7366
3889 6501
3890 1817
3891 3123
3892 5203
3893 2797
3894 4300
3895 4707
3896 1503
3897 6068
3898 5254
3899 792
3900 2287
3901 8444
3902 7491
3903 1837
3904 6064
3905 3321
3906 6581
3907 7419
3908 3664
3909 7727
3910 5196
3911 4476
3912 6284
3913 3129
3914 7101
3915 4806
3916 7654
3917 5696
3918 1497
3919 5032
3920 4119
3921 5313
3922 5847
3923 8490
3924 124
3925 2404
3926 8462
3927 7726
3928 7843
3929 469
3930 7713
3931 5644
3932 4234
3933 8786
3934 4355
3935 3998
3936 7293
3937 1666
3938 5662
3939 9851
3940 6294
3941 1641
3942 8800
3943 8996
3944 730
3945 6581
3946 2848
3947 6095
3948 4094
3949 2034
3950 5972
3951 5768
3952 3936
3953 5463
3954 2182
3955 2741
3956 7230
3957 16
3958 4909
3959 7905
3960 6627
3961 6864
3962 1719
3963 3402
3964 1052
3965 3921
3966 8649
3967 1023
3968 3450
3969 2563
3970 7490
3971 5005
3972 8621
3973 4779
3974 6561
3975 8337
3976 3207
3977 3328
3978 1499
3979 3009
3980 4697
3981 4217
3982 8939
3983 175
3984 5087
3985 5598
3986 6107
3987 6961
3988 993
3989 7256
3990 3808
3991 5837
3992 1256
3993 5263
3994 6459
3995 5758
3996 6639
3997 722
3998 6748
3999 9550
4000 8689
4001 6711
4002 3673
4003 1461
4004 2815
4005 6832
4006 4004
4007 2820
4008 472
4009 6306
4010 15
4011 4703
4012 7069
4013 1441
4014 7089
4015 5127
4016 3680
4017 437
4018 527
4019 3995
4020 5551
4021 5940
4022 3943
4023 3523
4024 6655
4025 7353
4026 9608
4027 9531
4028 2910
4029 7882
4030 8566
4031 274
4032 6892
4033 3438
4034 845
4035 8338
4036 8416
4037 961
4038 2370
4039 2619
4040 9762
4041 9166
4042 4775
4043 2689
4044 3855
4045 9163
4046 3094
4047 9493
4048 196
4049 5824
4050 7334
4051 4963
4052 5060
4053 18
4054 3536
4055 5971
4056 3950
4057 9326
4058 7693
4059 2622
4060 430
4061 3429
4062 8925
4063 638
4064 4389
4065 5315
4066 4369
4067 6377
4068 128
4069 4390
4070 198
4071 7972
4072 5937
4073 1698
4074 5225
4075 6835
4076 3565
4077 2020
4078 8192
4079 4879
4080 2439
4081 7525
4082 6668
4083 9479
4084 7955
4085 7052
4086 1867
4087 4288
4088 7132
4089 5143
4090 5081
4091 372
4092 3269
4093 8570
4094 4289
4095 2374
4096 2535
4097 7269
4098 2813
4099 8432
4100 5387
4101 9532
4102 7577
4103 5986
4104 5844
4105 4430
4106 7981
4107 5298
4108 2055
4109 772
4110 3982
4111 2045
4112 5957
4113 7787
4114 1566
4115 1392
4116 6998
4117 654
4118 7590
4119 7463
4120 5673
4121 8004
4122 6682
4123 8456
4124 6703
4125 534
4126 9811
4127 4383
4128 3145
4129 7354
4130 8042
4131 3649
4132 9261
4133 1293
4134 9521
4135 5914
4136 8854
4137 7707
4138 7946
4139 8559
4140 3828
4141 2711
4142 8820
4143 7067
4144 6893
4145 9964
4146 9252
4147 8646
4148 3472
4149 4933
4150 3750
4151 554
4152 8499
4153 8030
4154 2247
4155 9537
4156 4728
4157 5311
4158 4416
4159 2498
4160 1242
4161 495
4162 6169
4163 9492
4164 4169
4165 8830
4166 9917
4167 8730
4168 6550
4169 3363
4170 5998
4171 7539
4172 1608
4173 9020
4174 6445
4175 1972
4176 8814
4177 3360
4178 5881
4179 5942
4180 5658
4181 1187
4182 8831
4183 958
4184 1954
4185 374
4186 4489
4187 7574
4188 5975
4189 9383
4190 930
4191 9129
4192 9188
4193 4456
4194 9322
4195 862
4196 9403
4197 7769
4198 1362
4199 2044
4200 3882
4201 9685
4202 7927
4203 5348
4204 6794
4205 4432
4206 5157
4207 4811
4208 8211
4209 2217
4210 8179
4211 8755
4212 2239
4213 7178
4214 3544
4215 9700
4216 6371
4217 215
4218 2074
4219 8560
4220 8291
4221 7979
4222 2604
4223 5882
4224 2452
4225 8700
4226 9775
4227 7330
4228 579
4229 2770
4230 2878
4231 2869
4232 5235
4233 223
4234 1668
4235 2822
4236 3708
4237 8023
4238 935
4239 2601
4240 819
4241 6547
4242 5438
4243 213
4244 4452
4245 3800
4246 7993
4247 2909
4248 8604
4249 4727
4250 2479
4251 8561
4252 7588
4253 8662
4254 3967
4255 8883
4256 3205
4257 5392
4258 5477
4259 700
4260 391
4261 1787
4262 7044
4263 5175
4264 1834
4265 3160
4266 4098
4267 1475
4268 8351
4269 9682
4270 36
4271 1784
4272 5452
4273 8997
4274 4973
4275 7444
4276 9025
4277 7824
4278 6532
4279 242
4280 5194
4281 8967
4282 159
4283 9903
4284 7906
4285 7015
4286 6258
4287 4392
4288 923
4289 9650
4290 9410
4291 1155
4292 8003
4293 34
4294 5585
4295 8738
4296 3843
4297 5517
4298 5564
4299 6809
4300 7957
4301 482
4302 8614
4303 1874
4304 5992
4305 6852
4306 8990
4307 9669
4308 2176
4309 8065
4310 4049
4311 6589
4312 958
4313 6588
4314 3817
4315 9298
4316 7299
4317 720
4318 8885
4319 4043
4320 3186
4321 3426
4322 5460
4323 9500
4324 1825
4325 6967
4326 9450
4327 1356
4328 3200
4329 5738
4330 8434
4331 2863
4332 3260
4333 2064
4334 1916
4335 3171
4336 8323
4337 7695
4338 5375
4339 4755
4340 4283
4341 2618
4342 9888
4343 4894
4344 9862
4345 9913
4346 5156
4347 2422
4348 2517
4349 8321
4350 2419
4351 7251
4352 8294
4353 3309
4354 8524
4355 124
4356 5990
4357 8499
4358 3771
4359 212
4360 9751
4361 5892
4362 2286
4363 3764
4364 129
4365 1365
4366 2184
4367 681
4368 4391
4369 6228
4370 3778
4371 2635
4372 5100
4373 4592
4374 5162
4375 1937
4376 9886
4377 1479
4378 9058
4379 4081
4380 2464
4381 9455
4382 1462
4383 7972
4384 6598
4385 5223
4386 8041
4387 3109
4388 9999
4389 2121
4390 1110
4391 5089
4392 6811
4393 3601
4394 7711
4395 2701
4396 7087
4397 6162
4398 9120
4399 8153
4400 2617
4401 2853
4402 6463
4403 7051
4404 5208
4405 2973
4406 5096
4407 3752
4408 2225
4409 8830
4410 4132
4411 9418
4412 9569
4413 5698
4414 620
4415 921
4416 7720
4417 9543
4418 8881
4419 1645
4420 9077
4421 3197
4422 5279
4423 1624
4424 3088
4425 3906
4426 719
4427 1134
4428 6087
4429 5650
4430 3741
4431 1919
4432 714
4433 7500
4434 1341
4435 3538
4436 4826
4437 5829
4438 9388
4439 3247
4440 7687
4441 6013
4442 4216
4443 4910
4444 2212
4445 3521
4446 107
4447 5363
4448 556
4449 8715
4450 9408
4451 2065
4452 7441
4453 5011
4454 9563
4455 2007
4456 7214
4457 1355
4458 6714
4459 9957
4460 6108
4461 7624
4462 5302
4463 6398
4464 2572
4465 8188
4466 9371
4467 2442
4468 1213
4469 4364
4470 4141
4471 1173
4472 6509
4473 2980
4474 2649
4475 189
4476 773
4477 124
4478 1651
4479 4536
4480 7376
4481 3938
4482 4635
4483 1956
4484 615
4485 241
4486 113
4487 2173
4488 3720
4489 3809
4490 4644
4491 1859
4492 2274
4493 2091
4494 6442
4495 8795
4496 2014
4497 2253
4498 4661
4499 2558
4500 2434
4501 8869
4502 9126
4503 3825
4504 1482
4505 7356
4506 2303
4507 156
4508 3556
4509 8932
4510 3259
4511 5417
4512 9088
4513 562
4514 737
4515 250
4516 4422
4517 8856
4518 7693
4519 4309
4520 2688
4521 7735
4522 8966
4523 7448
4524 3452
4525 9524
4526 5444
4527 4548
4528 9405
4529 6403
4530 1024
4531 7805
4532 3707
4533 7493
4534 6722
4535 8182
4536 6556
4537 1871
4538 441
4539 8417
4540 6737
4541 2858
4542 4670
4543 890
4544 3848
4545 2466
4546 3898
4547 4286
4548 8958
4549 6201
4550 1229
4551 6212
4552 2142
4553 50
4554 2334
4555 7385
4556 9744
4557 6515
4558 4107
4559 9686
4560 7405
4561 9192
4562 8647
4563 4147
4564 8278
4565 756
4566 4795
4567 8487
4568 5586
4569 3650
4570 9335
4571 6980
4572 5884
4573 3534
4574 2560
4575 9129
4576 7068
4577 5846
4578 3167
4579 4714
4580 9288
4581 4603
4582 9841
4583 6405
4584 3658
4585 9494
4586 85
4587 425
4588 6487
4589 7887
4590 5453
4591 5588
4592 5955
4593 66
4594 9259
4595 2695
4596 7183
4597 1058
4598 9796
4599 4795
4600 85
4601 6631
4602 6680
4603 5158
4604 7502
4605 6179
4606 7812
4607 5177
4608 2512
4609 8766
4610 5796
4611 8472
4612 1474
4613 54
4614 9365
4615 9553
4616 2375
4617 4212
4618 7497
4619 4707
4620 6648
4621 8447
4622 5375
4623 934
4624 3721
4625 9419
4626 8807
4627 3189
4628 1432
4629 4642
4630 7588
4631 7630
4632 5396
4633 2761
4634 4627
4635 5659
4636 1919
4637 4571
4638 7013
4639 5300
4640 3311
4641 4808
4642 7589
4643 7509
4644 9954
4645 1254
4646 4020
4647 4427
4648 4423
4649 2224
4650 9446
4651 6707
4652 9241
4653 7781
4654 2989
4655 2942
4656 1484
4657 7601
4658 1619
4659 8289
4660 4055
4661 470
4662 7959
4663 8099
4664 1529
4665 3369
4666 1738
4667 91
4668 6340
4669 2716
4670 5759
4671 175
4672 3687
4673 1256
4674 732
4675 5332
4676 4405
4677 9175
4678 8059
4679 5227
4680 4200
4681 9865
4682 5691
4683 9941
4684 8859
4685 8386
4686 5863
4687 9484
4688 9689
4689 887
4690 1626
4691 7382
4692 5532
4693 3777
4694 4088
4695 2627
4696 3548
4697 3271
4698 3788
4699 5789
4700 9791
4701 3736
4702 5340
4703 4012
4704 8828
4705 3084
4706 7362
4707 5216
4708 7694
4709 5942
4710 3636
4711 1473
4712 231
4713 1387
4714 6199
4715 3455
4716 4042
4717 4445
4718 6327
4719 24
4720 6530
4721 6640
4722 9768
4723 3456
4724 3887
4725 4752
4726 6169
4727 8666
4728 9010
4729 529
4730 8439
4731 5807
4732 2699
4733 7281
4734 712
4735 7026
4736 565
4737 831
4738 2665
4739 750
4740 5332
4741 6638
4742 9781
4743 4943
4744 518
4745 1463
4746 6919
4747 8394
4748 5119
4749 1625
4750 8518
4751 8902
4752 2136
4753 1422
4754 8066
4755 7364
4756 9813
4757 3947
4758 6392
4759 6942
4760 8068
4761 2555
4762 4889
4763 2483
4764 6781
4765 8593
4766 9432
4767 3867
4768 2107
4769 1040
4770 2060
4771 6714
4772 8227
4773 4690
4774 112
4775 3303
4776 9154
4777 3392
4778 4167
4779 9488
4780 6732
4781 9110
4782 6953
4783 9742
4784 4846
4785 7424
4786 3052
4787 7757
4788 5549
4789 4271
4790 2934
4791 7281
4792 1466
4793 524
4794 3056
4795 4651
4796 6491
4797 2511
4798 2440
4799 8148
4800 7776
4801 4644
4802 1442
4803 706
4804 9519
4805 2703
4806 9589
4807 3794
4808 3795
4809 4677
4810 8531
4811 1144
4812 9201
4813 71
4814 3432
4815 6972
4816 6226
4817 4825
4818 1397
4819 4515
4820 5249
4821 9879
4822 2236
4823 7700
4824 3955
4825 540
4826 7120
4827 2374
4828 7733
4829 9143
4830 4589
4831 6274
4832 518
4833 652
4834 6434
4835 9499
4836 8670
4837 7549
4838 1603
4839 4681
4840 6334
4841 2434
4842 1943
4843 269
4844 2838
4845 1288
4846 9373
4847 781
4848 1850
4849 6505
4850 3997
4851 740
4852 8222
4853 2862
4854 9263
4855 9878
4856 6340
4857 1162
4858 8720
4859 5008
4860 8620
4861 8750
4862 1011
4863 698
4864 5510
4865 9867
4866 3649
4867 5312
4868 9522
4869 3086
4870 9320
4871 3131
4872 7365
4873 6949
4874 4905
4875 7317
4876 2914
4877 1940
4878 5944
4879 6818
4880 7995
4881 3610
4882 5618
4883 2630
4884 6244
4885 1453
4886 4187
4887 9838
4888 4236
4889 3239
4890 5052
4891 8665
4892 8523
4893 6368
4894 3424
4895 6409
4896 1216
4897 5314
4898 1243
4899 1767
4900 9153
4901 8523
4902 563
4903 2229
4904 8494
4905 2801
4906 2467
4907 8541
4908 9930
4909 5122
4910 1985
4911 9106
4912 5404
4913 3095
4914 3857
4915 9936
4916 496
4917 9688
4918 4339
4919 2293
4920 3480
4921 5966
4922 3572
4923 731
4924 6816
4925 9566
4926 9391
4927 2228
4928 255
4929 8149
4930 2201
4931 9211
4932 3525
4933 3860
4934 2591
4935 5183
4936 7819
4937 9204
4938 9165
4939 6903
4940 3329
4941 3005
4942 5757
4943 6499
4944 4841
4945 5342
4946 2393
4947 2513
4948 5976
4949 4539
4950 9300
4951 9817
4952 295
4953 6245
4954 3629
4955 1689
4956 1935
4957 7680
4958 2998
4959 4993
4960 2448
4961 8141
4962 7408
4963 320
4964 6694
4965 1086
4966 2497
4967 5887
4968 2682
4969 2599
4970 9046
4971 4924
4972 1047
4973 4591
4974 3196
4975 1897
4976 6241
4977 8850
4978 1277
4979 4837
4980 1211
4981 6856
4982 1250
4983 3572
4984 785
4985 1385
4986 9313
4987 4058
4988 4813
4989 4455
4990 6675
4991 4798
4992 9003
4993 5033
4994 739
4995 9971
4996 6116
4997 1516
4998 7310
4999 6854
5000 639
5001 3823
5002 7933
5003 419
5004 426
5005 4266
5006 2246
5007 9627
5008 1559
5009 6492
5010 8656
5011 5530
5012 6891
5013 5251
5014 9726
5015 4219
5016 7274
5017 3428
5018 4397
5019 1889
5020 1533
5021 5990
5022 6495
5023 1260
5024 2501
5025 5102
5026 2598
5027 6553
5028 1675
5029 5225
5030 5518
5031 9962
5032 820
5033 6569
5034 6415
5035 9922
5036 4534
5037 6078
5038 2264
5039 603
5040 4454
5041 7198
5042 5083
5043 4203
5044 7793
5045 6512
5046 7325
5047 3049
5048 802
5049 1745
5050 13
5051 4465
5052 5776
5053 2568
5054 1774
5055 8492
5056 2339
5057 8580
5058 3768
5059 3760
5060 4538
5061 2697
5062 775
5063 4640
5064 7685
5065 3558
5066 7157
5067 7779
5068 6446
5069 3803
5070 3041
5071 8729
5072 1306
5073 3429
5074 6638
5075 470
5076 3638
5077 655
5078 3471
5079 7522
5080 7534
5081 8232
5082 7143
5083 2309
5084 4230
5085 4041
5086 4204
5087 4254
5088 895
5089 6710
5090 3600
5091 6452
5092 2523
5093 4370
5094 8645
5095 8756
5096 7177
5097 4178
5098 1888
5099 7899
5100 3151
5101 5419
5102 7253
5103 6424
5104 2062
5105 9110
5106 9631
5107 8446
5108 2647
5109 1904
5110 217
5111 5568
5112 1182
5113 3185
5114 1973
5115 5940
5116 8281
5117 479
5118 6974
5119 4706
5120 6413
5121 6008
5122 7771
5123 3069
5124 9247
5125 1534
5126 9068
5127 3038
5128 3573
5129 7203
5130 7170
5131 5900
5132 3765
5133 6785
5134 6282
5135 1598
5136 8320
5137 4545
5138 8449
5139 9875
5140 6745
5141 8816
5142 597
5143 4647
5144 184
5145 2889
5146 2651
5147 2437
5148 3336
5149 4378
5150 9287
5151 8838
5152 5226
5153 4057
5154 9616
5155 7204
5156 1990
5157 2305
5158 9113
5159 6110
5160 3517
5161 8033
5162 2746
5163 6348
5164 3378
5165 9299
5166 7469
5167 8103
5168 8214
5169 7006
5170 6610
5171 973
5172 3729
5173 8706
5174 200
5175 7187
5176 8658
5177 275
5178 6468
5179 4224
5180 221
5181 326
5182 7665
5183 5854
5184 3476
5185 3643
5186 8009
5187 8324
5188 6928
5189 703
5190 2285
5191 8276
5192 5035
5193 1249
5194 3468
5195 1327
5196 1269
5197 1726
5198 2885
5199 754
5200 6431
5201 9219
5202 8288
5203 6576
5204 764
5205 2518
5206 992
5207 5403
5208 9496
5209 5199
5210 4771
5211 4338
5212 8443
5213 4267
5214 2655
5215 1496
5216 931
5217 7513
5218 6749
5219 9097
5220 9215
5221 6449
5222 7488
5223 1803
5224 1143
5225 6140
5226 2275
5227 2350
5228 462
5229 5577
5230 6115
5231 4801
5232 7443
5233 2408
5234 2522
5235 6669
5236 5003
5237 8332
5238 898
5239 9844
5240 1652
5241 2678
5242 8322
5243 5262
5244 4891
5245 8666
5246 2263
5247 440
5248 631
5249 5007
5250 4558
5251 6426
5252 9408
5253 1807
5254 8187
5255 5689
5256 962
5257 3039
5258 1865
5259 8544
5260 5080
5261 2043
5262 3736
5263 73
5264 2611
5265 1944
5266 9114
5267 5274
5268 5277
5269 4992
5270 9090
5271 7414
5272 6756
5273 5491
5274 8093
5275 6057
5276 1723
5277 6310
5278 9158
5279 9661
5280 8732
5281 9233
5282 9935
5283 3071
5284 3607
5285 268
5286 9794
5287 4029
5288 5908
5289 7767
5290 8082
5291 8770
5292 517
5293 3002
5294 757
5295 1212
5296 3513
5297 5020
5298 7785
5299 6562
5300 6223
5301 1215
5302 3441
5303 6370
5304 7468
5305 1432
5306 2142
5307 729
5308 8245
5309 8243
5310 9406
5311 6435
5312 5020
5313 5572
5314 5474
5315 2677
5316 9397
5317 6050
5318 668
5319 2266
5320 2380
5321 2786
5322 3595
5323 8273
5324 5698
5325 7422
5326 2873
5327 4154
5328 4631
5329 9547
5330 2624
5331 9700
5332 790
5333 1079
5334 4968
5335 6663
5336 7598
5337 1203
5338 2184
5339 4468
5340 1018
5341 6973
5342 3403
5343 684
5344 1627
5345 3656
5346 7494
5347 993
5348 8703
5349 6500
5350 4018
5351 1538
5352 4684
5353 9854
5354 5824
5355 1501
5356 7247
5357 5015
5358 351
5359 9438
5360 9716
5361 6170
5362 5124
5363 6969
5364 8816
5365 5278
5366 1715
5367 1219
5368 1194
5369 8334
5370 4718
5371 5587
5372 1149
5373 8713
5374 3955
5375 949
5376 8975
5377 5895
5378 4176
5379 7035
5380 2776
5381 2218
5382 2218
5383 7715
5384 7109
5385 403
5386 7451
5387 8076
5388 4246
5389 190
5390 9690
5391 7973
5392 2770
5393 3981
5394 4465
5395 6660
5396 6596
5397 6040
5398 4455
5399 5667
5400 6642
5401 2972
5402 7916
5403 4121
5404 2667
5405 8019
5406 6510
5407 9187
5408 5549
5409 3415
5410 2772
5411 3195
5412 6548
5413 4676
5414 2493
5415 2783
5416 5023
5417 4603
5418 9542
5419 9302
5420 259
5421 4824
5422 1462
5423 9490
5424 843
5425 3914
5426 7518
5427 8540
5428 925
5429 3678
5430 7020
5431 5531
5432 1044
5433 5552
5434 3230
5435 7783
5436 1491
5437 2271
5438 3101
5439 9411
5440 5509
5441 3590
5442 3039
5443 4041
5444 4184
5445 4974
5446 5380
5447 7701
5448 1559
5449 116
5450 4662
5451 9274
5452 168
5453 790
5454 4093
5455 5104
5456 6494
5457 2856
5458 9908
5459 7727
5460 7237
5461 4753
5462 6109
5463 1163
5464 3041
5465 6610
5466 2334
5467 3157
5468 5666
5469 9211
5470 5519
5471 6066
5472 7091
5473 6765
5474 3082
5475 1212
5476 4961
5477 4175
5478 412
5479 6802
5480 2582
5481 1117
5482 9949
5483 485
5484 521
5485 5134
5486 187
5487 2316
5488 4823
5489 1427
5490 5163
5491 527
5492 6817
5493 9386
5494 9930
5495 4938
5496 4308
5497 415
5498 7682
5499 9126
5500 2765
5501 9329
5502 8994
5503 5517
5504 9655
5505 2742
5506 2704
5507 1514
5508 4290
5509 1610
5510 8792
5511 2952
5512 4617
5513 5602
5514 1240
5515 9434
5516 1714
5517 7135
5518 9558
5519 8813
5520 2794
5521 191
5522 3313
5523 3226
5524 3526
5525 8724
5526 1
5527 6523
5528 1123
5529 4278
5530 9955
5531 4949
5532 6421
5533 8964
5534 3361
5535 4028
5536 6497
5537 1196
5538 9037
5539 6342
5540 6063
5541 3477
5542 8886
5543 9222
5544 7946
5545 4140
5546 4263
5547 2908
5548 5127
5549 3453
5550 7183
5551 7117
5552 5094
5553 4466
5554 6470
5555 6746
5556 75
5557 2564
5558 1312
5559 4081
5560 6412
5561 2976
5562 1135
5563 9149
5564 314
5565 3554
5566 2349
5567 9765
5568 4767
5569 5775
5570 95
5571 2042
5572 8144
5573 4440
5574 3990
5575 8550
5576 3849
5577 5788
5578 7722
5579 4349
5580 6049
5581 7879
5582 6628
5583 1290
5584 9679
5585 2652
5586 5224
5587 1221
5588 8286
5589 1657
5590 5
5591 211
5592 8121
5593 5838
5594 5761
5595 1377
5596 5980
5597 1727
5598 7532
5599 7853
5600 4587
5601 1922
5602 2802
5603 3022
5604 525
5605 4086
5606 7399
5607 9355
5608 6647
5609 8277
5610 3010
5611 4059
5612 5834
5613 4934
5614 7672
5615 1057
5616 473
5617 6537
5618 6653
5619 5792
5620 7636
5621 5201
5622 6988
5623 7010
5624 9902
5625 9135
5626 2585
5627 589
5628 7928
5629 5912
5630 8853
5631 7462
5632 1347
5633 5641
5634 9198
5635 7076
5636 6514
5637 9614
5638 5509
5639 8880
5640 4690
5641 3852
5642 2693
5643 3977
5644 4849
5645 8099
5646 4884
5647 4986
5648 3339
5649 9263
5650 2969
5651 6005
5652 2050
5653 1909
5654 7739
5655 6235
5656 5185
5657 227
5658 2854
5659 8848
5660 2983
5661 4174
5662 2524
5663 9510
5664 9399
5665 3442
5666 3880
5667 2488
5668 9061
5669 3571
5670 5072
5671 7547
5672 689
5673 8107
5674 3699
5675 355
5676 8865
5677 1639
5678 2066
5679 3372
5680 2069
5681 942
5682 5740
5683 2705
5684 6738
5685 5432
5686 4744
5687 1994
5688 8241
5689 984
5690 8927
5691 3457
5692 9647
5693 768
5694 2122
5695 5606
5696 1146
5697 1649
5698 1895
5699 2528
5700 4042
5701 7224
5702 7657
5703 6071
5704 2806
5705 903
5706 1996
5707 2737
5708 1318
5709 745
5710 3870
5711 6546
5712 5275
5713 8409
5714 5859
5715 8379
5716 4809
5717 8329
5718 1804
5719 7803
5720 7947
5721 4723
5722 4734
5723 2119
5724 5648
5725 1582
5726 1021
5727 3334
5728 1637
5729 4412
5730 1730
5731 3023
5732 7179
5733 9976
5734 652
5735 850
5736 7155
5737 6639
5738 8088
5739 8250
5740 1253
5741 1430
5742 5001
5743 2900
5744 4035
5745 7512
5746 2329
5747 8839
5748 5464
5749 6415
5750 9618
5751 5425
5752 990
5753 2472
5754 4988
5755 8164
5756 7854
5757 7045
5758 5048
5759 4384
5760 8215
5761 2484
5762 2891
5763 7262
5764 7879
5765 2073
5766 108
5767 6239
5768 3839
5769 6591
5770 5699
5771 1444
5772 1812
5773 1700
5774 7309
5775 3561
5776 3987
5777 4962
5778 8943
5779 1340
5780 3381
5781 6906
5782 5114
5783 9376
5784 1125
5785 8640
5786 1514
5787 612
5788 5038
5789 5772
5790 1391
5791 422
5792 7696
5793 2500
5794 2238
5795 5325
5796 1074
5797 6469
5798 9085
5799 6307
5800 1321
5801 2657
5802 5794
5803 6642
5804 4301
5805 3552
5806 9498
5807 5729
5808 8754
5809 464
5810 2588
5811 7286
5812 6713
5813 4292
5814 718
5815 3881
5816 8067
5817 5082
5818 3567
5819 4471
5820 7096
5821 954
5822 2758
5823 8970
5824 7391
5825 6500
5826 7616
5827 411
5828 6265
5829 3325
5830 6442
5831 3161
5832 3020
5833 2188
5834 5592
5835 5145
5836 192
5837 7417
5838 4273
5839 650
5840 2811
5841 9401
5842 3579
5843 5655
5844 3705
5845 3057
5846 7411
5847 7881
5848 1799
5849 7848
5850 4848
5851 3539
5852 2502
5853 5296
5854 2898
5855 1976
5856 332
5857 8153
5858 2191
5859 8253
5860 6597
5861 4632
5862 5121
5863 613
5864 236
5865 3723
5866 4499
5867 1478
5868 4106
5869 6114
5870 2629
5871 3941
5872 2371
5873 5720
5874 6922
5875 4032
5876 4686
5877 6354
5878 2967
5879 7762
5880 8021
5881 4954
5882 6990
5883 9452
5884 4673
5885 5952
5886 5033
5887 9592
5888 815
5889 5447
5890 3580
5891 2964
5892 2526
5893 7543
5894 8889
5895 504
5896 4569
5897 9882
5898 6113
5899 6679
5900 4446
5901 2204
5902 2220
5903 4792
5904 760
5905 3260
5906 5383
5907 2192
5908 814
5909 7118
5910 5777
5911 4401
5912 8686
5913 2319
5914 4130
5915 6477
5916 3299
5917 2978
5918 1393
5919 296
5920 4003
5921 5566
5922 5783
5923 9220
5924 5946
5925 2831
5926 432
5927 125
5928 3458
5929 3418
5930 6389
5931 5452
5932 4414
5933 685
5934 6451
5935 8832
5936 5608
5937 9298
5938 6513
5939 8271
5940 5962
5941 3483
5942 6049
5943 7153
5944 4918
5945 1992
5946 4288
5947 8114
5948 5674
5949 8304
5950 7418
5951 9675
5952 9536
5953 33
5954 6375
5955 7057
5956 8646
5957 6033
5958 6492
5959 3054
5960 3588
5961 8667
5962 1691
5963 3503
5964 4643
5965 7350
5966 6776
5967 1249
5968 682
5969 4361
5970 5796
5971 7467
5972 2198
5973 6974
5974 1654
5975 4667
5976 4557
5977 7082
5978 9324
5979 9324
5980 1537
5981 9427
5982 7451
5983 3744
5984 6619
5985 5706
5986 1940
5987 1458
5988 4485
5989 9105
5990 4120
5991 5395
5992 5233
5993 1447
5994 32
5995 4246
5996 6061
5997 9437
5998 4788
5999 1108
6000 8987
6001 3263
6002 4896
6003 3431
6004 7054
6005 2026
6006 8587
6007 8557
6008 1986
6009 4523
6010 7127
6011 5072
6012 3396
6013 5274
6014 9537
6015 3956
6016 4509
6017 3826
6018 5390
6019 9259
6020 39
6021 2793
6022 4158
6023 5531
6024 6622
6025 2764
6026 1361
6027 9826
6028 2376
6029 2430
6030 2336
6031 9548
6032 2436
6033 2625
6034 2096
6035 3599
6036 1622
6037 491
6038 132
6039 7194
6040 2395
6041 2467
6042 8109
6043 2710
6044 7042
6045 1285
6046 5057
6047 9013
6048 2048
6049 5534
6050 8145
6051 4404
6052 7839
6053 1293
6054 1689
6055 8386
6056 1733
6057 1401
6058 6506
6059 8462
6060 6016
6061 8760
6062 6734
6063 5771
6064 5827
6065 5494
6066 3942
6067 8410
6068 2416
6069 8326
6070 2296
6071 81
6072 160
6073 248
6074 1903
6075 938
6076 3652
6077 1881
6078 2441
6079 9249
6080 8596
6081 8652
6082 6536
6083 5184
6084 9822
6085 2351
6086 6323
6087 4241
6088 7698
6089 2913
6090 4486
6091 5836
6092 5393
6093 5695
6094 667
6095 4079
6096 5065
6097 641
6098 3967
6099 1594
6100 3802
6101 4606
6102 8843
6103 8331
6104 6273
6105 3912
6106 723
6107 4364
6108 6619
6109 6968
6110 4529
6111 4604
6112 5037
6113 2003
6114 3675
6115 8567
6116 6272
6117 1977
6118 2205
6119 141
6120 760
6121 1842
6122 4251
6123 7453
6124 6502
6125 3166
6126 2257
6127 3890
6128 1320
6129 1696
6130 6408
6131 7474
6132 8591
6133 6747
6134 6436
6135 1987
6136 393
6137 5671
6138 1672
6139 19
6140 2345
6141 7622
6142 4024
6143 7435
6144 1370
6145 5507
6146 9652
6147 6122
6148 5123
6149 8125
6150 7511
6151 5190
6152 3969
6153 5000
6154 4134
6155 5707
6156 1765
6157 1663
6158 5931
6159 9730
6160 6925
6161 4730
6162 3979
6163 714
6164 2118
6165 478
6166 9269
6167 6652
6168 3735
6169 4955
6170 1377
6171 2471
6172 4984
6173 9551
6174 2273
6175 7299
6176 810
6177 6730
6178 4965
6179 935
6180 7890
6181 8348
6182 2749
6183 2812
6184 1229
6185 4161
6186 7377
6187 6893
6188 6575
6189 6327
6190 7619
6191 7764
6192 2875
6193 8162
6194 782
6195 5529
6196 9363
6197 2087
6198 1331
6199 8851
6200 715
6201 4199
6202 2230
6203 6184
6204 9269
6205 4589
6206 501
6207 1778
6208 7180
6209 3889
6210 6889
6211 6783
6212 2445
6213 4160
6214 7569
6215 2245
6216 8591
6217 7457
6218 8839
6219 1562
6220 2623
6221 2193
6222 8339
6223 8134
6224 4322
6225 566
6226 4320
6227 9464
6228 2392
6229 210
6230 9242
6231 1097
6232 7407
6233 5374
6234 7788
6235 7709
6236 2580
6237 6910
6238 1270
6239 6004
6240 6453
6241 5305
6242 448
6243 2787
6244 7850
6245 4428
6246 3799
6247 6906
6248 9378
6249 749
6250 1286
6251 9346
6252 6260
6253 7073
6254 9286
6255 8861
6256 5793
6257 6484
6258 7148
6259 5921
6260 6580
6261 423
6262 5125
6263 8633
6264 4180
6265 842
6266 3703
6267 6270
6268 5641
6269 5795
6270 1938
6271 5326
6272 2819
6273 3312
6274 6644
6275 7862
6276 4048
6277 8061
6278 3510
6279 1294
6280 9073
6281 9655
6282 493
6283 4456
6284 5414
6285 9035
6286 12
6287 2256
6288 7494
6289 2845
6290 1280
6291 9298
6292 257
6293 6465
6294 5851
6295 8753
6296 9454
6297 9272
6298 2077
6299 8952
6300 1526
6301 858
6302 4460
6303 9005
6304 781
6305 4970
6306 3467
6307 2734
6308 6481
6309 1671
6310 5526
6311 1827
6312 8876
6313 9835
6314 8972
6315 1082
6316 658
6317 776
6318 2602
6319 4422
6320 8274
6321 1728
6322 1501
6323 3425
6324 3885
6325 5522
6326 6843
6327 5407
6328 9611
6329 2595
6330 4737
6331 6299
6332 5062
6333 5153
6334 6298
6335 8150
6336 7785
6337 6863
6338 7744
6339 6335
6340 2247
6341 374
6342 931
6343 1941
6344 4719
6345 2317
6346 1912
6347 4692
6348 5146
6349 4304
6350 6795
6351 8422
6352 7205
6353 1085
6354 1782
6355 8229
6356 3688
6357 5927
6358 9147
6359 5688
6360 3147
6361 5551
6362 3843
6363 2125
6364 893
6365 4567
6366 9178
6367 5627
6368 6822
6369 4097
6370 1142
6371 7864
6372 1506
6373 7574
6374 4870
6375 8820
6376 9239
6377 3920
6378 5271
6379 2256
6380 9294
6381 6905
6382 6633
6383 9196
6384 4975
6385 9772
6386 4886
6387 1740
6388 8425
6389 6395
6390 863
6391 9277
6392 6443
6393 6753
6394 7964
6395 5988
6396 9432
6397 9625
6398 8466
6399 6595
6400 7666
6401 1496
6402 5520
6403 8262
6404 6915
6405 3121
6406 3602
6407 5754
6408 2875
6409 9482
6410 1007
6411 5063
6412 970
6413 1699
6414 3495
6415 8408
6416 664
6417 3666
6418 6907
6419 7704
6420 1707
6421 3619
6422 3709
6423 6206
6424 911
6425 5539
6426 5443
6427 6677
6428 4542
6429 6927
6430 2162
6431 3557
6432 8003
6433 2252
6434 5651
6435 2432
6436 5189
6437 3148
6438 8454
6439 2121
6440 5423
6441 386
6442 1090
6443 7591
6444 2463
6445 6224
6446 4893
6447 166
6448 559
6449 6984
6450 5590
6451 4356
6452 5965
6453 1116
6454 3657
6455 2099
6456 7519
6457 366
6458 3065
6459 3410
6460 86
6461 9832
6462 3044
6463 7613
6464 1878
6465 1687
6466 97
6467 1045
6468 3111
6469 8175
6470 7746
6471 8571
6472 6399
6473 9842
6474 5349
6475 3127
6476 3353
6477 3271
6478 3774
6479 3701
6480 3912
6481 6687
6482 7187
6483 3752
6484 9959
6485 4649
6486 8014
6487 5044
6488 5239
6489 2780
6490 2211
6491 3394
6492 1188
6493 3105
6494 9290
6495 3541
6496 892
6497 4990
6498 5413
6499 6247
6500 2135
6501 3732
6502 535
6503 4014
6504 9528
6505 7659
6506 5101
6507 8321
6508 9998
6509 2132
6510 3211
6511 2153
6512 4225
6513 1969
6514 5112
6515 6156
6516 5814
6517 8535
6518 845
6519 4420
6520 9433
6521 6353
6522 2984
6523 4256
6524 1601
6525 3674
6526 7523
6527 1411
6528 1602
6529 6576
6530 1718
6531 896
6532 6946
6533 1564
6534 7804
6535 5391
6536 8569
6537 5885
6538 7798
6539 1669
6540 2540
6541 1467
6542 457
6543 2390
6544 44
6545 278
6546 9431
6547 9293
6548 3691
6549 8349
6550 7577
6551 3305
6552 7089
6553 198
6554 913
6555 4484
6556 7239
6557 5306
6558 9186
6559 4016
6560 8231
6561 8948
6562 14
6563 9555
6564 5101
6565 4461
6566 783
6567 5439
6568 8704
6569 7568
6570 8716
6571 6718
6572 8986
6573 9304
6574 6360
6575 3330
6576 6092
6577 3311
6578 6051
6579 8935
6580 4369
6581 9866
6582 9131
6583 1373
6584 4120
6585 3147
6586 3973
6587 717
6588 4830
6589 7675
6590 6070
6591 3433
6592 419
6593 950
6594 642
6595 2490
6596 4128
6597 7639
6598 8362
6599 4976
6600 7507
6601 6076
6602 8696
6603 9184
6604 2431
6605 3167
6606 2244
6607 4240
6608 9787
6609 4210
6610 5400
6611 8082
6612 8762
6613 4326
6614 4277
6615 7861
6616 9687
6617 9778
6618 328
6619 7521
6620 6277
6621 800
6622 2092
6623 4424
6624 7979
6625 1873
6626 7418
6627 214
6628 1030
6629 5007
6630 4220
6631 1528
6632 9206
6633 25
6634 1380
6635 8461
6636 519
6637 8769
6638 9638
6639 6979
6640 4916
6641 4255
6642 599
6643 561
6644 3564
6645 4881
6646 6153
6647 3097
6648 4972
6649 5678
6650 9214
6651 6268
6652 4778
6653 9766
6654 8402
6655 9738
6656 6615
6657 2083
6658 454
6659 626
6660 1875
6661 5137
6662 6715
6663 9333
6664 8323
6665 5192
6666 2649
6667 4327
6668 602
6669 5350
6670 1578
6671 5628
6672 2472
6673 9824
6674 8311
6675 3930
6676 2471
6677 9724
6678 9582
6679 6432
6680 6310
6681 3281
6682 2394
6683 6110
6684 6034
6685 5346
6686 4940
6687 2559
6688 9572
6689 4978
6690 4191
6691 5968
6692 4377
6693 8612
6694 8013
6695 1513
6696 6020
6697 1448
6698 338
6699 9770
6700 4597
6701 8759
6702 7809
6703 4264
6704 4442
6705 2719
6706 2644
6707 3826
6708 8507
6709 1721
6710 9477
6711 5144
6712 6554
6713 5320
6714 6299
6715 4576
6716 4778
6717 7495
6718 9131
6719 117
6720 3577
6721 9702
6722 1013
6723 978
6724 9164
6725 9660
6726 5701
6727 4132
6728 4475
6729 69
6730 8206
6731 4293
6732 9202
6733 1345
6734 6952
6735 1161
6736 6433
6737 8236
6738 5963
6739 9762
6740 7819
6741 2089
6742 3144
6743 9825
6744 5414
6745 1821
6746 7438
6747 9575
6748 7765
6749 3583
6750 3553
6751 3747
6752 3261
6753 385
6754 6343
6755 3266
6756 268
6757 272
6758 4441
6759 5569
6760 5598
6761 2306
6762 6032
6763 9898
6764 9772
6765 6103
6766 9416
6767 252
6768 7175
6769 2327
6770 8349
6771 4148
6772 9254
6773 5778
6774 5224
6775 2291
6776 2430
6777 5184
6778 8295
6779 2050
6780 1315
6781 7548
6782 1885
6783 8147
6784 6032
6785 8272
6786 5730
6787 494
6788 7624
6789 4834
6790 9081
6791 9714
6792 6239
6793 3775
6794 6845
6795 7085
6796 9775
6797 6317
6798 3783
6799 488
6800 4659
6801 19
6802 4306
6803 844
6804 3477
6805 8801
6806 5113
6807 9843
6808 7465
6809 3591
6810 1020
6811 9155
6812 1960
6813 4201
6814 8895
6815 2990
6816 4956
6817 8449
6818 3314
6819 1012
6820 3628
6821 7093
6822 5288
6823 670
6824 3218
6825 5196
6826 1551
6827 5906
6828 6926
6829 1767
6830 3616
6831 6072
6832 5344
6833 5160
6834 2693
6835 3405
6836 2608
6837 6182
6838 2008
6839 8671
6840 1733
6841 5726
6842 8928
6843 9449
6844 4244
6845 5083
6846 979
6847 4418
6848 6304
6849 9894
6850 6528
6851 9345
6852 9060
6853 208
6854 6646
6855 5985
6856 9047
6857 7201
6858 9771
6859 9612
6860 9557
6861 6393
6862 479
6863 9465
6864 775
6865 9196
6866 2034
6867 23
6868 8881
6869 7921
6870 3899
6871 9615
6872 9753
6873 3829
6874 9472
6875 7599
6876 3499
6877 263
6878 6557
6879 3622
6880 7758
6881 5606
6882 3838
6883 459
6884 3366
6885 9790
6886 7263
6887 31
6888 3420
6889 6015
6890 1883
6891 6702
6892 1588
6893 4559
6894 5596
6895 1159
6896 7755
6897 6129
6898 5081
6899 2215
6900 6524
6901 909
6902 5874
6903 2205
6904 1151
6905 1440
6906 7056
6907 4888
6908 3713
6909 6885
6910 7094
6911 1778
6912 4459
6913 3982
6914 9578
6915 3064
6916 4491
6917 7435
6918 1775
6919 4704
6920 5323
6921 8378
6922 794
6923 1197
6924 235
6925 9453
6926 8341
6927 5429
6928 8000
6929 6931
6930 3616
6931 3094
6932 9511
6933 6664
6934 6241
6935 3024
6936 8362
6937 303
6938 5632
6939 4698
6940 4658
6941 9378
6942 6031
6943 3489
6944 741
6945 2482
6946 728
6947 1974
6948 2625
6949 4941
6950 2030
6951 7144
6952 5095
6953 2615
6954 2216
6955 7513
6956 8470
6957 5262
6958 8874
6959 4499
6960 6879
6961 6531
6962 7683
6963 9256
6964 924
6965 4531
6966 9873
6967 8942
6968 2966
6969 2766
6970 5535
6971 4930
6972 3283
6973 5064
6974 1455
6975 8616
6976 7425
6977 7649
6978 4072
6979 9181
6980 6152
6981 4484
6982 7933
6983 3257
6984 4458
6985 1505
6986 5565
6987 4411
6988 5797
6989 1961
6990 1207
6991 9315
6992 1558
6993 1799
6994 3991
6995 3560
6996 4749
6997 9573
6998 1059
6999 1100
7000 7628
7001 1929
7002 7193
7003 6364
7004 4911
7005 5822
7006 370
7007 5140
7008 3858
7009 9860
7010 3053
7011 1920
7012 1067
7013 7924
7014 6508
7015 679
7016 3518
7017 9569
7018 9147
7019 2070
7020 7001
7021 1549
7022 240
7023 6208
7024 8999
7025 253
7026 6963
7027 2515
7028 4064
7029 9562
7030 7213
7031 1626
7032 4552
7033 6200
7034 3949
7035 5721
7036 8949
7037 7255
7038 6709
7039 5558
7040 3522
7041 7818
7042 503
7043 9799
7044 3537
7045 8123
7046 8718
7047 4227
7048 5446
7049 3970
7050 4284
7051 8399
7052 1995
7053 2567
7054 7406
7055 6186
7056 1923
7057 1595
7058 8998
7059 4270
7060 9914
7061 3292
7062 6580
7063 5236
7064 358
7065 6779
7066 7240
7067 8966
7068 2894
7069 6901
7070 9179
7071 1774
7072 276
7073 2771
7074 9173
7075 4784
7076 1307
7077 4179
7078 431
7079 3954
7080 8805
7081 1990
7082 7981
7083 9228
7084 1814
7085 9912
7086 4996
7087 5411
7088 4203
7089 4294
7090 5206
7091 7088
7092 1965
7093 2114
7094 1532
7095 4945
7096 2028
7097 4882
7098 6534
7099 8483
7100 9407
7101 1555
7102 7940
7103 5459
7104 4875
7105 7152
7106 1483
7107 3674
7108 5694
7109 2930
7110 5536
7111 3177
7112 3446
7113 5709
7114 6332
7115 6447
7116 1948
7117 6881
7118 3819
7119 8649
7120 5087
7121 5968
7122 8077
7123 6716
7124 1239
7125 8510
7126 7556
7127 4908
7128 6723
7129 4235
7130 41
7131 5520
7132 3878
7133 2977
7134 5664
7135 118
7136 7225
7137 4295
7138 4991
7139 9848
7140 1336
7141 3815
7142 4357
7143 2708
7144 3539
7145 2038
7146 8931
7147 2161
7148 5107
7149 8953
7150 4897
7151 9418
7152 994
7153 2972
7154 9723
7155 6774
7156 7629
7157 460
7158 3655
7159 5707
7160 2186
7161 6955
7162 5693
7163 9100
7164 6267
7165 6613
7166 6825
7167 8172
7168 853
7169 833
7170 6916
7171 4866
7172 6214
7173 4998
7174 9637
7175 9995
7176 9559
7177 6197
7178 3923
7179 5652
7180 3008
7181 324
7182 1138
7183 1401
7184 2085
7185 9939
7186 2784
7187 7973
7188 1736
7189 759
7190 2749
7191 4152
7192 7428
7193 7857
7194 9534
7195 568
7196 3578
7197 2859
7198 3689
7199 138
7200 3399
7201 7909
7202 2211
7203 171
7204 357
7205 1924
7206 9057
7207 912
7208 2600
7209 1425
7210 9122
7211 1750
7212 3474
7213 925
7214 5079
7215 9169
7216 6738
7217 6697
7218 3590
7219 8158
7220 8685
7221 8697
7222 4097
7223 6626
7224 20
7225 2959
7226 258
7227 1254
7228 5272
7229 7204
7230 4783
7231 8577
7232 5812
7233 1418
7234 8387
7235 9960
7236 6544
7237 2285
7238 7975
7239 6739
7240 8530
7241 7263
7242 2878
7243 3272
7244 6211
7245 1567
7246 9809
7247 4964
7248 1887
7249 6375
7250 9651
7251 9137
7252 3740
7253 9770
7254 9092
7255 4612
7256 9210
7257 9773
7258 8176
7259 3578
7260 8012
7261 9711
7262 6213
7263 1539
7264 3860
7265 7896
7266 8620
7267 1230
7268 8406
7269 7130
7270 9179
7271 3629
7272 7154
7273 1402
7274 9520
7275 9172
7276 9035
7277 9436
7278 2044
7279 8189
7280 2307
7281 9464
7282 2671
7283 4413
7284 9707
7285 9447
7286 7997
7287 4267
7288 2915
7289 1754
7290 1677
7291 5880
7292 1367
7293 7989
7294 3134
7295 9336
7296 5802
7297 4193
7298 7499
7299 8735
7300 6010
7301 191
7302 4068
7303 5486
7304 645
7305 7836
7306 780
7307 1593
7308 2348
7309 3584
7310 5977
7311 1509
7312 7519
7313 6103
7314 1267
7315 3754
7316 4350
7317 5758
7318 3627
7319 7351
7320 8788
7321 4202
7322 1268
7323 694
7324 7160
7325 7495
7326 2830
7327 9118
7328 6081
7329 9125
7330 2097
7331 2509
7332 1056
7333 5843
7334 8091
7335 5717
7336 8424
7337 6815
7338 317
7339 755
7340 3018
7341 7825
7342 2912
7343 5365
7344 3315
7345 7066
7346 5622
7347 9368
7348 9236
7349 9767
7350 4407
7351 4200
7352 1183
7353 3964
7354 1093
7355 6741
7356 4742
7357 2544
7358 301
7359 5835
7360 8327
7361 1168
7362 8868
7363 3524
7364 9127
7365 5241
7366 1487
7367 9062
7368 3704
7369 6292
7370 9349
7371 6707
7372 1835
7373 3229
7374 3418
7375 2477
7376 9999
7377 7505
7378 1326
7379 6996
7380 1998
7381 3695
7382 8436
7383 9793
7384 8688
7385 2751
7386 7935
7387 5931
7388 8209
7389 2659
7390 6106
7391 77
7392 9084
7393 2123
7394 4012
7395 3904
7396 109
7397 4110
7398 5311
7399 4704
7400 1876
7401 5873
7402 8566
7403 8803
7404 7912
7405 2362
7406 7576
7407 1177
7408 2880
7409 6599
7410 332
7411 1904
7412 8587
7413 1412
7414 4193
7415 2887
7416 2237
7417 922
7418 4249
7419 8577
7420 5656
7421 4213
7422 3605
7423 1190
7424 7891
7425 1660
7426 5095
7427 606
7428 5527
7429 2709
7430 1294
7431 9684
7432 8583
7433 727
7434 3402
7435 1868
7436 6934
7437 5299
7438 948
7439 9502
7440 8484
7441 3461
7442 2621
7443 1025
7444 9883
7445 9311
7446 1178
7447 8389
7448 2736
7449 7100
7450 6800
7451 8104
7452 4449
7453 7650
7454 7678
7455 6009
7456 5218
7457 4826
7458 5503
7459 3531
7460 8662
7461 7393
7462 7809
7463 7147
7464 4833
7465 4883
7466 3798
7467 6473
7468 8304
7469 4230
7470 4109
7471 6369
7472 2101
7473 482
7474 5362
7475 6920
7476 7651
7477 4162
7478 6308
7479 6711
7480 2808
7481 5927
7482 2592
7483 267
7484 8550
7485 7358
7486 8471
7487 6395
7488 5974
7489 3828
7490 6636
7491 1275
7492 3873
7493 679
7494 2578
7495 7580
7496 8212
7497 6389
7498 1477
7499 8508
7500 5458
7501 9659
7502 4060
7503 7124
7504 4313
7505 5478
7506 7634
7507 8609
7508 4937
7509 6080
7510 793
7511 3856
7512 4726
7513 9921
7514 8194
7515 9200
7516 427
7517 7597
7518 8223
7519 7333
7520 6301
7521 8007
7522 9996
7523 6378
7524 5109
7525 7168
7526 8185
7527 8794
7528 3370
7529 2928
7530 2084
7531 673
7532 4804
7533 9205
7534 584
7535 9246
7536 5247
7537 5287
7538 1923
7539 1014
7540 7492
7541 3542
7542 6097
7543 458
7544 5405
7545 9659
7546 2783
7547 7480
7548 6777
7549 8791
7550 5128
7551 5210
7552 2573
7553 48
7554 2746
7555 7705
7556 6450
7557 2991
7558 3212
7559 6125
7560 2870
7561 1287
7562 3878
7563 1334
7564 3246
7565 8698
7566 7332
7567 6814
7568 4443
7569 1910
7570 2596
7571 1625
7572 6154
7573 111
7574 304
7575 9906
7576 62
7577 9748
7578 6657
7579 5813
7580 4496
7581 4633
7582 9223
7583 6589
7584 4798
7585 7345
7586 9268
7587 173
7588 9078
7589 9662
7590 8539
7591 6867
7592 974
7593 9793
7594 4087
7595 4107
7596 6106
7597 1372
7598 1604
7599 4500
7600 4818
7601 8400
7602 5778
7603 5525
7604 8007
7605 567
7606 3851
7607 49
7608 7097
7609 9321
7610 9961
7611 5636
7612 5273
7613 5811
7614 765
7615 742
7616 2612
7617 7666
7618 6337
7619 1317
7620 6503
7621 8967
7622 9486
7623 2661
7624 2684
7625 581
7626 8253
7627 7873
7628 4922
7629 6164
7630 7396
7631 5562
7632 7122
7633 705
7634 915
7635 4952
7636 4657
7637 5542
7638 918
7639 2082
7640 8369
7641 848
7642 4659
7643 3944
7644 7605
7645 967
7646 9845
7647 1628
7648 651
7649 6898
7650 8937
7651 5068
7652 8067
7653 7155
7654 2681
7655 7528
7656 2174
7657 6605
7658 6980
7659 3508
7660 4000
7661 4924
7662 6897
7663 2891
7664 2733
7665 3505
7666 7496
7667 408
7668 2137
7669 3985
7670 5768
7671 2277
7672 9264
7673 1450
7674 4298
7675 3241
7676 7282
7677 8345
7678 3616
7679 2763
7680 9387
7681 9300
7682 2696
7683 7609
7684 4233
7685 717
7686 4513
7687 446
7688 3258
7689 5118
7690 7704
7691 8624
7692 222
7693 6059
7694 8737
7695 182
7696 8407
7697 6134
7698 7578
7699 1717
7700 4873
7701 4001
7702 2259
7703 4701
7704 30
7705 6662
7706 4229
7707 9101
7708 882
7709 9123
7710 456
7711 465
7712 1349
7713 8890
7714 5602
7715 5269
7716 8778
7717 692
7718 619
7719 8608
7720 1667
7721 8260
7722 5360
7723 3240
7724 6090
7725 1606
7726 6671
7727 9016
7728 5261
7729 1334
7730 8914
7731 9176
7732 5055
7733 9
7734 3678
7735 7960
7736 1605
7737 9251
7738 9038
7739 9858
7740 8726
7741 7171
7742 3871
7743 7528
7744 9176
7745 5823
7746 6834
7747 9932
7748 1375
7749 4298
7750 4516
7751 4626
7752 7874
7753 6163
7754 3728
7755 7680
7756 9296
7757 5670
7758 5266
7759 8787
7760 7267
7761 3246
7762 2987
7763 6917
7764 5770
7765 8749
7766 1683
7767 7227
7768 8505
7769 8036
7770 4341
7771 8592
7772 4836
7773 5343
7774 8024
7775 3634
7776 1173
7777 429
7778 4663
7779 3233
7780 2796
7781 3988
7782 9639
7783 8661
7784 4382
7785 4348
7786 9063
7787 6280
7788 4596
7789 3948
7790 7238
7791 281
7792 329
7793 7893
7794 3417
7795 4003
7796 6338
7797 7518
7798 9599
7799 1792
7800 2249
7801 5200
7802 6855
7803 5846
7804 5710
7805 932
7806 7742
7807 434
7808 2972
7809 6871
7810 230
7811 863
7812 7880
7813 8026
7814 2542
7815 7049
7816 1548
7817 6959
7818 4922
7819 3830
7820 8630
7821 8983
7822 8345
7823 6055
7824 5581
7825 8069
7826 8790
7827 2799
7828 9751
7829 3493
7830 3787
7831 9549
7832 818
7833 3355
7834 851
7835 7641
7836 8115
7837 9289
7838 4741
7839 6151
7840 8177
7841 280
7842 6440
7843 1007
7844 3892
7845 7984
7846 4863
7847 5917
7848 353
7849 7483
7850 3116
7851 2167
7852 3544
7853 290
7854 8713
7855 100
7856 4494
7857 7694
7858 5692
7859 5195
7860 9334
7861 8548
7862 2901
7863 9470
7864 1073
7865 1233
7866 6867
7867 549
7868 6346
7869 3774
7870 3958
7871 2825
7872 908
7873 2210
7874 7261
7875 8275
7876 3642
7877 9428
7878 5180
7879 3437
7880 5058
7881 5532
7882 6386
7883 5978
7884 7174
7885 4851
7886 6412
7887 5459
7888 6221
7889 7824
7890 4498
7891 1170
7892 1130
7893 4532
7894 8412
7895 1137
7896 5816
7897 9907
7898 9172
7899 7231
7900 2361
7901 4992
7902 6184
7903 3248
7904 9478
7905 6844
7906 982
7907 9676
7908 3928
7909 2112
7910 9512
7911 3872
7912 2926
7913 5303
7914 9538
7915 3106
7916 6540
7917 9805
7918 1766
7919 4461
7920 6759
7921 6388
7922 2423
7923 3655
7924 3114
7925 7725
7926 4337
7927 9610
7928 4298
7929 8882
7930 3464
7931 27
7932 101
7933 1282
7934 1431
7935 829
7936 9986
7937 6482
7938 9533
7939 789
7940 6480
7941 8075
7942 3536
7943 6841
7944 7907
7945 3900
7946 6
7947 9544
7948 9316
7949 312
7950 8110
7951 2180
7952 1105
7953 8625
7954 8022
7955 6417
7956 224
7957 8479
7958 481
7959 4533
7960 2497
7961 9457
7962 1746
7963 3660
7964 9940
7965 3112
7966 7133
7967 744
7968 5117
7969 6594
7970 1000
7971 4231
7972 4462
7973 7461
7974 899
7975 2446
7976 7146
7977 361
7978 8546
7979 9310
7980 1632
7981 3459
7982 5397
7983 7058
7984 1982
7985 6179
7986 9400
7987 6603
7988 9630
7989 3339
7990 762
7991 1358
7992 5647
7993 3337
7994 7600
7995 9791
7996 5237
7997 8992
7998 4053
7999 514
8000 8072
8001 632
8002 7449
8003 2100
8004 3586
8005 3662
8006 9038
8007 6810
8008 9202
8009 1458
8010 6074
8011 8040
8012 2769
8013 5865
8014 8357
8015 5512
8016 2010
8017 5432
8018 8666
8019 593
8020 7325
8021 1381
8022 6037
8023 2438
8024 1575
8025 7724
8026 3350
8027 8806
8028 9657
8029 8069
8030 7075
8031 2695
8032 4365
8033 4333
8034 8851
8035 6812
8036 8907
8037 7870
8038 6425
8039 2368
8040 7965
8041 1311
8042 8971
8043 9722
8044 6453
8045 1076
8046 6249
8047 5557
8048 2752
8049 1592
8050 2187
8051 6511
8052 2675
8053 3773
8054 7702
8055 8694
8056 4759
8057 4340
8058 9694
8059 2115
8060 4082
8061 2180
8062 2046
8063 4259
8064 7926
8065 1615
8066 7750
8067 8621
8068 114
8069 9672
8070 6180
8071 3820
8072 1597
8073 3686
8074 230
8075 382
8076 2078
8077 5924
8078 4866
8079 4331
8080 6422
8081 633
8082 9053
8083 1420
8084 1694
8085 9363
8086 3173
8087 4531
8088 3368
8089 1521
8090 7083
8091 9437
8092 4587
8093 9566
8094 4984
8095 158
8096 2520
8097 8512
8098 2476
8099 7328
8100 2321
8101 5484
8102 9116
8103 4026
8104 1348
8105 4279
8106 3842
8107 6755
8108 8332
8109 6681
8110 7043
8111 7137
8112 2199
8113 7602
8114 6660
8115 7077
8116 8113
8117 4781
8118 6824
8119 3000
8120 7526
8121 5639
8122 7154
8123 2056
8124 9067
8125 8963
8126 4980
8127 8446
8128 5964
8129 1195
8130 9992
8131 2924
8132 4946
8133 5261
8134 769
8135 2248
8136 2072
8137 1531
8138 6494
8139 270
8140 9445
8141 5547
8142 8586
8143 8150
8144 381
8145 4683
8146 2421
8147 8401
8148 6606
8149 4044
8150 298
8151 4716
8152 834
8153 6141
8154 3535
8155 2242
8156 4270
8157 3043
8158 8833
8159 7264
8160 7828
8161 6339
8162 5041
8163 5664
8164 5512
8165 3121
8166 4502
8167 7250
8168 8431
8169 9782
8170 2360
8171 3138
8172 1966
8173 9513
8174 5369
8175 953
8176 6509
8177 6239
8178 3972
8179 5576
8180 3134
8181 2317
8182 3017
8183 8554
8184 1549
8185 3521
8186 7433
8187 3444
8188 8673
8189 4247
8190 9145
8191 2851
8192 8352
8193 5109
8194 4996
8195 1864
8196 7400
8197 3894
8198 8521
8199 7903
8200 9559
8201 318
8202 5034
8203 7684
8204 621
8205 1180
8206 8106
8207 169
8208 9132
8209 2584
8210 9243
8211 4388
8212 2686
8213 3902
8214 893
8215 8226
8216 623
8217 5663
8218 7245
8219 6135
8220 3305
8221 2864
8222 5680
8223 5858
8224 6796
8225 7625
8226 7470
8227 9604
8228 1305
8229 3953
8230 1913
8231 4048
8232 8842
8233 2730
8234 5826
8235 7248
8236 3961
8237 247
8238 447
8239 2974
8240 7872
8241 7817
8242 3714
8243 2707
8244 9853
8245 2622
8246 6490
8247 9551
8248 4876
8249 2086
8250 5004
8251 7397
8252 6902
8253 6220
8254 1272
8255 5950
8256 7584
8257 4705
8258 7253
8259 4013
8260 7917
8261 3723
8262 8984
8263 4760
8264 9977
8265 5129
8266 9244
8267 4222
8268 4068
8269 830
8270 5507
8271 9779
8272 2383
8273 498
8274 7200
8275 1082
8276 1709
8277 1423
8278 9328
8279 1308
8280 1860
8281 7285
8282 7902
8283 3516
8284 5603
8285 3473
8286 6374
8287 5709
8288 5982
8289 8210
8290 8413
8291 3672
8292 8770
8293 6436
8294 4457
8295 3380
8296 4514
8297 3488
8298 4232
8299 8650
8300 5799
8301 6266
8302 8224
8303 6911
8304 8044
8305 5440
8306 7510
8307 1437
8308 8827
8309 2761
8310 1233
8311 7832
8312 2759
8313 5508
8314 6956
8315 2487
8316 9002
8317 9314
8318 6176
8319 514
8320 6745
8321 2763
8322 886
8323 9014
8324 378
8325 7393
8326 3583
8327 9312
8328 3625
8329 5351
8330 1494
8331 6658
8332 7188
8333 2320
8334 5007
8335 8651
8336 54
8337 1587
8338 8683
8339 4492
8340 1960
8341 2282
8342 8207
8343 7943
8344 4311
8345 3620
8346 6290
8347 127
8348 2223
8349 6464
8350 3910
8351 6437
8352 3918
8353 2481
8354 4871
8355 5813
8356 3256
8357 5344
8358 7731
8359 1304
8360 202
8361 2829
8362 2950
8363 6177
8364 7129
8365 3081
8366 4668
8367 2246
8368 402
8369 5801
8370 3209
8371 7290
8372 9505
8373 759
8374 2852
8375 8655
8376 9897
8377 6262
8378 9987
8379 1735
8380 5682
8381 7149
8382 2551
8383 7768
8384 3110
8385 8594
8386 4451
8387 8068
8388 1078
8389 3613
8390 3171
8391 7389
8392 9258
8393 4216
8394 9283
8395 8682
8396 5444
8397 5352
8398 938
8399 2981
8400 2690
8401 4189
8402 7148
8403 6489
8404 5466
8405 8037
8406 5322
8407 6552
8408 7669
8409 6240
8410 6166
8411 3731
8412 1595
8413 3279
8414 7487
8415 542
8416 8733
8417 4927
8418 128
8419 9043
8420 4126
8421 6224
8422 9151
8423 4431
8424 917
8425 4887
8426 4046
8427 3334
8428 919
8429 5892
8430 8661
8431 5002
8432 219
8433 9068
8434 5995
8435 9583
8436 4481
8437 4989
8438 7622
8439 6609
8440 1347
8441 7201
8442 3562
8443 8727
8444 397
8445 1756
8446 2715
8447 569
8448 4466
8449 3439
8450 6687
8451 6441
8452 7734
8453 9629
8454 4379
8455 1663
8456 3716
8457 9286
8458 1741
8459 1877
8460 1697
8461 9415
8462 3739
8463 3032
8464 7116
8465 6016
8466 6942
8467 1320
8468 4105
8469 9547
8470 6922
8471 634
8472 8184
8473 6616
8474 3241
8475 971
8476 7893
8477 4553
8478 5032
8479 7498
8480 2975
8481 9362
8482 5382
8483 7351
8484 1789
8485 8169
8486 5730
8487 4649
8488 7055
8489 3671
8490 6018
8491 6622
8492 2507
8493 6807
8494 8885
8495 9033
8496 1742
8497 2733
8498 9869
8499 5424
8500 3833
8501 2552
8502 1309
8503 7833
8504 8930
8505 2372
8506 3915
8507 3868
8508 1035
8509 5763
8510 6035
8511 7314
8512 3481
8513 5514
8514 3670
8515 5408
8516 8852
8517 4266
8518 2352
8519 3166
8520 9967
8521 2300
8522 5200
8523 7582
8524 3137
8525 1805
8526 4671
8527 6831
8528 3340
8529 3220
8530 4935
8531 9532
8532 3389
8533 2241
8534 9870
8535 4338
8536 2888
8537 3646
8538 1826
8539 8235
8540 6606
8541 49
8542 6039
8543 8674
8544 6717
8545 1692
8546 5716
8547 7706
8548 8108
8549 3225
8550 5241
8551 4599
8552 6543
8553 943
8554 7304
8555 2206
8556 1537
8557 9062
8558 1356
8559 5806
8560 4884
8561 2269
8562 4393
8563 6114
8564 1661
8565 5704
8566 6570
8567 2616
8568 6314
8569 895
8570 9980
8571 5915
8572 6684
8573 4604
8574 78
8575 5630
8576 8903
8577 3581
8578 3331
8579 9031
8580 7359
8581 8765
8582 9951
8583 4008
8584 5805
8585 7420
8586 9801
8587 8028
8588 6396
8589 8109
8590 5141
8591 2648
8592 2562
8593 2473
8594 680
8595 3032
8596 5259
8597 1300
8598 5446
8599 2438
8600 733
8601 4630
8602 6403
8603 5984
8604 650
8605 3364
8606 4363
8607 9706
8608 9431
8609 2905
8610 3434
8611 5228
8612 2448
8613 9983
8614 4597
8615 9069
8616 637
8617 2058
8618 9051
8619 56
8620 6960
8621 1119
8622 6895
8623 5289
8624 9197
8625 8364
8626 8564
8627 6325
8628 9666
8629 1149
8630 2258
8631 7777
8632 3689
8633 5111
8634 6475
8635 5333
8636 265
8637 4540
8638 2529
8639 1862
8640 4198
8641 7823
8642 3615
8643 1338
8644 3834
8645 3993
8646 7682
8647 5669
8648 2705
8649 2789
8650 9255
8651 2381
8652 3510
8653 285
8654 1600
8655 3213
8656 4903
8657 8255
8658 2098
8659 1193
8660 2904
8661 4872
8662 2866
8663 7161
8664 9846
8665 8796
8666 4517
8667 4328
8668 3386
8669 2235
8670 7989
8671 360
8672 8962
8673 8708
8674 6667
8675 7243
8676 1051
8677 9648
8678 2252
8679 5070
8680 7145
8681 8231
8682 7421
8683 577
8684 8565
8685 2146
8686 2160
8687 3636
8688 8471
8689 1049
8690 3484
8691 1703
8692 1981
8693 6259
8694 4286
8695 7313
8696 2903
8697 2325
8698 2426
8699 6849
8700 3178
8701 5656
8702 3601
8703 2861
8704 6093
8705 6551
8706 7632
8707 9434
8708 9109
8709 9720
8710 8024
8711 8300
8712 761
8713 8280
8714 9731
8715 7658
8716 7322
8717 6748
8718 7811
8719 3346
8720 6641
8721 6886
8722 8043
8723 3959
8724 7270
8725 7070
8726 3804
8727 735
8728 5939
8729 7573
8730 8202
8731 460
8732 3813
8733 4015
8734 5621
8735 2844
8736 8139
8737 8556
8738 1488
8739 8956
8740 1197
8741 2088
8742 6357
8743 2358
8744 3314
8745 8626
8746 4757
8747 3285
8748 8693
8749 3523
8750 3668
8751 3797
8752 4285
8753 7970
8754 2427
8755 701
8756 2442
8757 7241
8758 1141
8759 5412
8760 3016
8761 3379
8762 3747
8763 5956
8764 8054
8765 3401
8766 2955
8767 1379
8768 1848
8769 8005
8770 8607
8771 4745
8772 7537
8773 8973
8774 6092
8775 3788
8776 8679
8777 7112
8778 5809
8779 7878
8780 8572
8781 9115
8782 2613
8783 3856
8784 5155
8785 540
8786 9482
8787 6845
8788 1789
8789 9862
8790 1031
8791 8113
8792 2365
8793 7543
8794 7967
8795 5343
8796 8463
8797 7847
8798 773
8799 7118
8800 7503
8801 1364
8802 6791
8803 5910
8804 7266
8805 9644
8806 5168
8807 8773
8808 9486
8809 806
8810 3469
8811 2957
8812 9050
8813 1563
8814 5744
8815 9209
8816 5505
8817 5686
8818 7520
8819 5016
8820 5948
8821 5810
8822 7177
8823 2810
8824 5578
8825 6833
8826 6197
8827 3532
8828 9561
8829 9864
8830 7621
8831 5036
8832 7781
8833 5932
8834 7284
8835 5728
8836 3232
8837 1353
8838 7965
8839 155
8840 1405
8841 6995
8842 2773
8843 8604
8844 5290
8845 809
8846 8434
8847 1795
8848 2945
8849 8824
8850 3136
8851 5297
8852 1215
8853 2694
8854 5558
8855 7844
8856 343
8857 4492
8858 1240
8859 8984
8860 2292
8861 5099
8862 7039
8863 5304
8864 5852
8865 1062
8866 3432
8867 4900
8868 5826
8869 5919
8870 9719
8871 8329
8872 4204
8873 1530
8874 8180
8875 7522
8876 1906
8877 734
8878 7567
8879 5926
8880 803
8881 960
8882 7121
8883 2986
8884 3614
8885 4598
8886 7631
8887 9831
8888 96
8889 60
8890 7719
8891 6708
8892 4852
8893 8818
8894 7969
8895 5406
8896 5719
8897 3665
8898 5785
8899 4299
8900 1980
8901 7007
8902 35
8903 578
8904 5646
8905 4762
8906 2376
8907 84
8908 7744
8909 584
8910 1992
8911 6618
8912 3734
8913 5295
8914 7778
8915 235
8916 8179
8917 8776
8918 5362
8919 8259
8920 7775
8921 8135
8922 6669
8923 6848
8924 8710
8925 6865
8926 1172
8927 3735
8928 2001
8929 5996
8930 4820
8931 8188
8932 9268
8933 3925
8934 4243
8935 5202
8936 9146
8937 147
8938 2360
8939 4602
8940 8395
8941 4890
8942 576
8943 8654
8944 1586
8945 3963
8946 6111
8947 9456
8948 8125
8949 6351
8950 1077
8951 536
8952 1715
8953 6646
8954 6385
8955 8248
8956 8799
8957 1869
8958 5718
8959 9546
8960 4348
8961 656
8962 4660
8963 3491
8964 448
8965 9605
8966 6334
8967 6918
8968 80
8969 1989
8970 7560
8971 4934
8972 6498
8973 4902
8974 890
8975 6585
8976 7251
8977 9856
8978 2779
8979 4968
8980 6455
8981 2541
8982 6315
8983 7000
8984 3015
8985 9199
8986 4432
8987 3219
8988 6377
8989 9554
8990 1436
8991 2083
8992 3894
8993 393
8994 9725
8995 3060
8996 7593
8997 345
8998 7220
8999 3395
9000 2823
9001 9812
9002 464
9003 5690
9004 5044
9005 5779
9006 139
9007 6519
9008 450
9009 1198
9010 657
9011 1028
9012 4853
9013 2484
9014 1565
9015 7565
9016 627
9017 3234
9018 8766
9019 9615
9020 7640
9021 2328
9022 9656
9023 7701
9024 8501
9025 630
9026 7458
9027 1613
9028 2018
9029 2144
9030 6355
9031 5480
9032 2499
9033 509
9034 7847
9035 7446
9036 4641
9037 8960
9038 8092
9039 8784
9040 3096
9041 3567
9042 9626
9043 3683
9044 7741
9045 7126
9046 1332
9047 6825
9048 2642
9049 1398
9050 3900
9051 4584
9052 3555
9053 2539
9054 7922
9055 4479
9056 2208
9057 5563
9058 1064
9059 6330
9060 5415
9061 9440
9062 4102
9063 7337
9064 8160
9065 3153
9066 9285
9067 9337
9068 7834
9069 5497
9070 8136
9071 1199
9072 9702
9073 4912
9074 3719
9075 1678
9076 5218
9077 8922
9078 9567
9079 334
9080 8215
9081 1115
9082 8206
9083 7389
9084 8129
9085 192
9086 5930
9087 1489
9088 2468
9089 6951
9090 5864
9091 8558
9092 5705
9093 9221
9094 6183
9095 4612
9096 2474
9097 4601
9098 8255
9099 2725
9100 7610
9101 4746
9102 588
9103 4413
9104 8612
9105 1075
9106 7770
9107 8539
9108 4774
9109 3369
9110 197
9111 8436
9112 2224
9113 4761
9114 1080
9115 4979
9116 3903
9117 1126
9118 7316
9119 1760
9120 7364
9121 9969
9122 7434
9123 6757
9124 8900
9125 9784
9126 5265
9127 5759
9128 5204
9129 6380
9130 6024
9131 7402
9132 8697
9133 7787
9134 9297
9135 8711
9136 4043
9137 7820
9138 307
9139 2970
9140 9348
9141 62
9142 6965
9143 1167
9144 5441
9145 2549
9146 394
9147 4510
9148 3443
9149 2382
9150 7603
9151 3388
9152 7791
9153 5781
9154 4600
9155 2881
9156 5935
9157 2899
9158 7799
9159 1831
9160 3637
9161 6872
9162 8288
9163 9451
9164 5166
9165 1344
9166 390
9167 5148
9168 9988
9169 6449
9170 386
9171 8365
9172 2296
9173 2713
9174 3737
9175 2993
9176 955
9177 9376
9178 391
9179 8330
9180 651
9181 7619
9182 8440
9183 6323
9184 3763
9185 6690
9186 7413
9187 1696
9188 103
9189 1091
9190 5324
9191 7625
9192 5850
9193 5904
9194 0
9195 158
9196 356
9197 4957
9198 801
9199 122
9200 3063
9201 5483
9202 814
9203 6749
9204 2766
9205 532
9206 5084
9207 110
9208 9882
9209 6544
9210 9361
9211 8284
9212 363
9213 6522
9214 6094
9215 600
9216 8570
9217 344
9218 9628
9219 6269
9220 5833
9221 3371
9222 1012
9223 3194
9224 1584
9225 6291
9226 5873
9227 9983
9228 7150
9229 9308
9230 321
9231 4953
9232 266
9233 4988
9234 7706
9235 9337
9236 1328
9237 8739
9238 3216
9239 4548
9240 3264
9241 2405
9242 8203
9243 6698
9244 4080
9245 5335
9246 5756
9247 3235
9248 5479
9249 7780
9250 1172
9251 8909
9252 4857
9253 8480
9254 8266
9255 4237
9256 9424
9257 6908
9258 339
9259 3188
9260 8902
9261 5700
9262 7637
9263 8854
9264 1791
9265 8401
9266 4265
9267 8625
9268 9284
9269 7481
9270 1680
9271 9350
9272 7057
9273 7275
9274 7258
9275 747
9276 145
9277 140
9278 5043
9279 994
9280 8124
9281 4312
9282 628
9283 2500
9284 1171
9285 3505
9286 8014
9287 7412
9288 5511
9289 6318
9290 1402
9291 7884
9292 1265
9293 9916
9294 9022
9295 989
9296 4925
9297 7384
9298 6038
9299 2415
9300 8901
9301 7586
9302 9721
9303 5773
9304 7419
9305 7106
9306 3762
9307 9614
9308 3203
9309 8572
9310 5561
9311 5029
9312 5524
9313 796
9314 3531
9315 2458
9316 9737
9317 7340
9318 8998
9319 3193
9320 5550
9321 7107
9322 1032
9323 8502
9324 8993
9325 9878
9326 4343
9327 6879
9328 3025
9329 4544
9330 1882
9331 8849
9332 6804
9333 8825
9334 6231
9335 1907
9336 6827
9337 964
9338 9609
9339 177
9340 8951
9341 6231
9342 1750
9343 6425
9344 9681
9345 5794
9346 4212
9347 5575
9348 897
9349 874
9350 7752
9351 9221
9352 1077
9353 7172
9354 1729
9355 8627
9356 9989
9357 387
9358 5134
9359 7982
9360 7988
9361 4802
9362 2941
9363 6877
9364 9828
9365 7373
9366 4754
9367 7708
9368 4051
9369 7384
9370 9685
9371 3738
9372 1957
9373 6659
9374 8138
9375 7543
9376 710
9377 7099
9378 4480
9379 5056
9380 1234
9381 1616
9382 6579
9383 616
9384 1099
9385 9097
9386 4477
9387 3984
9388 5019
9389 2213
9390 411
9391 8911
9392 399
9393 4773
9394 6281
9395 9138
9396 9657
9397 9219
9398 3277
9399 5067
9400 1061
9401 8541
9402 1071
9403 7636
9404 2501
9405 5588
9406 972
9407 6683
9408 6558
9409 3947
9410 3381
9411 7358
9412 5077
9413 444
9414 7434
9415 6788
9416 4323
9417 438
9418 9190
9419 4969
9420 1136
9421 9160
9422 3298
9423 3433
9424 4937
9425 6163
9426 2537
9427 5596
9428 1722
9429 2872
9430 495
9431 5268
9432 8382
9433 8071
9434 3981
9435 6311
9436 1452
9437 708
9438 2855
9439 3421
9440 6430
9441 5766
9442 1208
9443 4904
9444 2262
9445 1823
9446 6056
9447 5716
9448 463
9449 4504
9450 2366
9451 3122
9452 8871
9453 423
9454 9908
9455 5957
9456 9800
9457 789
9458 3794
9459 9689
9460 9601
9461 3417
9462 4919
9463 8088
9464 2315
9465 8924
9466 4125
9467 975
9468 3436
9469 5342
9470 1261
9471 2603
9472 2057
9473 1662
9474 5746
9475 5047
9476 1845
9477 5676
9478 1764
9479 6070
9480 9273
9481 488
9482 9039
9483 1854
9484 2543
9485 9713
9486 8053
9487 6198
9488 511
9489 8536
9490 6161
9491 7432
9492 6715
9493 3302
9494 1511
9495 8748
9496 5069
9497 5974
9498 4687
9499 7774
9500 4196
9501 866
9502 5116
9503 5840
9504 5617
9505 5975
9506 1877
9507 6291
9508 552
9509 6532
9510 2311
9511 4368
9512 1313
9513 4245
9514 4899
9515 2181
9516 7700
9517 484
9518 795
9519 1624
9520 8481
9521 6255
9522 6362
9523 6625
9524 5696
9525 9382
9526 2933
9527 4297
9528 5747
9529 3784
9530 3933
9531 1173
9532 9460
9533 4981
9534 8254
9535 1544
9536 4302
9537 232
9538 1865
9539 132
9540 2712
9541 9389
9542 6406
9543 5248
9544 8810
9545 8605
9546 324
9547 676
9548 4408
9549 6282
9550 1006
9551 7607
9552 9174
9553 5811
9554 5829
9555 8477
9556 8240
9557 2227
9558 8097
9559 5742
9560 2163
9561 2291
9562 1779
9563 326
9564 9693
9565 4439
9566 3349
9567 9130
9568 3975
9569 8217
9570 5881
9571 5880
9572 1991
9573 3609
9574 1137
9575 8619
9576 8606
9577 1955
9578 4216
9579 1604
9580 9458
9581 6970
9582 5593
9583 2322
9584 2533
9585 2762
9586 1319
9587 554
9588 8363
9589 1022
9590 6880
9591 3965
9592 120
9593 9044
9594 1461
9595 397
9596 8366
9597 995
9598 4063
9599 7914
9600 5285
9601 6125
9602 8916
9603 5784
9604 7131
9605 199
9606 6058
9607 8623
9608 6035
9609 9474
9610 7583
9611 7000
9612 2884
9613 4829
9614 2692
9615 6565
9616 5378
9617 5147
9618 4370
9619 8070
9620 9013
9621 632
9622 3918
9623 7923
9624 7417
9625 5118
9626 8189
9627 3377
9628 1470
9629 7409
9630 6404
9631 1763
9632 4695
9633 5005
9634 544
9635 6574
9636 2111
9637 7971
9638 8036
9639 6370
9640 3750
9641 5385
9642 1594
9643 3154
9644 2946
9645 657
9646 3385
9647 9331
9648 8168
9649 9194
9650 163
9651 6476
9652 6957
9653 2130
9654 3492
9655 4621
9656 1879
9657 6037
9658 5498
9659 588
9660 8547
9661 3107
9662 2156
9663 1183
9664 4183
9665 3998
9666 7230
9667 6620
9668 7369
9669 5333
9670 5760
9671 6268
9672 5613
9673 5716
9674 3184
9675 3442
9676 5595
9677 6839
9678 1090
9679 3685
9680 8486
9681 4840
9682 6943
9683 4295
9684 4248
9685 7836
9686 544
9687 9847
9688 5584
9689 7197
9690 7751
9691 5514
9692 1279
9693 2999
9694 8532
9695 2962
9696 1308
9697 4293
9698 3085
9699 5217
9700 2723
9701 3397
9702 3317
9703 1046
9704 2397
9705 8699
9706 5013
9707 3452
9708 6300
9709 8338
9710 8216
9711 1384
9712 3337
9713 9610
9714 3695
9715 6217
9716 7516
9717 4659
9718 9195
9719 3299
9720 4238
9721 7476
9722 2207
9723 502
9724 1484
9725 15
9726 9096
9727 207
9728 5710
9729 8664
9730 1403
9731 5738
9732 3949
9733 8066
9734 9682
9735 5108
9736 7920
9737 1039
9738 3648
9739 5058
9740 6285
9741 7514
9742 2654
9743 9697
9744 1576
9745 3390
9746 1558
9747 3078
9748 5734
9749 5700
9750 4091
9751 1903
9752 2288
9753 9377
9754 2177
9755 7448
9756 4680
9757 9369
9758 5861
9759 6904
9760 1796
9761 1757
9762 87
9763 6238
9764 7929
9765 6604
9766 2706
9767 4862
9768 2308
9769 3236
9770 3270
9771 7627
9772 5120
9773 9382
9774 1192
9775 3099
9776 8437
9777 2739
9778 8013
9779 5765
9780 1530
9781 999
9782 341
9783 7071
9784 9834
9785 3853
9786 9234
9787 3181
9788 5848
9789 8543
9790 1768
9791 731
9792 1481
9793 5229
9794 7756
9795 4530
9796 5310
9797 610
9798 8258
9799 1430
9800 6742
9801 1155
9802 3307
9803 215
9804 4678
9805 4439
9806 9274
9807 7860
9808 7340
9809 2131
9810 9979
9811 9598
9812 6634
9813 817
9814 7055
9815 1926
9816 4005
9817 5025
9818 8681
9819 6538
9820 9654
9821 7681
9822 7280
9823 6807
9824 5546
9825 6321
9826 774
9827 9042
9828 9093
9829 1841
9830 1552
9831 102
9832 2040
9833 9226
9834 5198
9835 6999
9836 3109
9837 2016
9838 4839
9839 1646
9840 2289
9841 3231
9842 4075
9843 1026
9844 2585
9845 9034
9846 3926
9847 5922
9848 2168
9849 754
9850 4037
9851 517
9852 3641
9853 6073
9854 7931
9855 7314
9856 5116
9857 446
9858 8169
9859 557
9860 5751
9861 9388
9862 6263
9863 3462
9864 4275
9865 7353
9866 8341
9867 3037
9868 6758
9869 3921
9870 7222
9871 4145
9872 5877
9873 1267
9874 4205
9875 3935
9876 9644
9877 380
9878 4010
9879 8985
9880 2841
9881 7218
9882 9814
9883 5154
9884 6243
9885 1460
9886 3916
9887 7192
9888 3273
9889 1618
9890 2102
9891 3216
9892 1084
9893 667
9894 9102
9895 2036
9896 9107
9897 6202
9898 7570
9899 5450
9900 4697
9901 1737
9902 8079
9903 968
9904 8529
9905 4906
9906 3543
9907 3461
9908 2666
9909 6708
9910 8228
9911 6215
9912 4534
9913 9986
9914 8669
9915 783
9916 1871
9917 4093
9918 2960
9919 1490
9920 9718
9921 4791
9922 3790
9923 785
9924 1171
9925 6411
9926 6941
9927 949
9928 5347
9929 3557
9930 6382
9931 5708
9932 6397
9933 7643
9934 4088
9935 3021
9936 1382
9937 8568
9938 9693
9939 9962
9940 1395
9941 4419
9942 8602
9943 9752
9944 8551
9945 5462
9946 6121
9947 5499
9948 887
9949 3545
9950 7827
9951 3810
9952 822
9953 7311
9954 1210
9955 2897
9956 2668
9957 6932
9958 5946
9959 7901
9960 7342
9961 6932
9962 3423
9963 2042
9964 2396
9965 3447
9966 3146
9967 2865
9968 1985
9969 7529
9970 3770
9971 7400
9972 8473
9973 3323
9974 3550
9975 1169
9976 9083
9977 5289
9978 1768
9979 6686
9980 7676
9981 910
9982 9717
9983 6326
9984 4047
9985 1522
9986 603
9987 2468
9988 969
9989 2462
9990 2828
9991 368
9992 4391
9993 6112
9994 8012
9995 1001
9996 6930
9997 3710
9998 1278
9999 3566
